Step 6 reaction-coordinate vectors

# reaction_direction_hessian_cart
 5.638761009173e-02
 5.883393728905e-02
-2.520278386991e-02
-1.365647169019e-02
-4.490900634016e-02
-2.885607996431e-03
-2.362176634295e-02
 2.330485681879e-02
 2.220581195242e-02
 3.029979927422e-02
 7.221146678511e-03
-9.713253918689e-03
-5.529846202040e-03
-2.419106371949e-02
 1.001742934825e-02
-3.957079677241e-02
-9.402109236045e-02
-1.890062510574e-02
 2.597271621799e-02
 3.368811564721e-02
-2.203376574584e-03
-2.735893710070e-02
 1.645473947568e-02
 2.076786623619e-02
-3.508979084613e-03
-2.923874056911e-02
-3.004250770712e-03
 2.050881864082e-02
 1.794259419443e-02
 9.793050667412e-03
-3.131015664684e-02
-7.773484100206e-02
-9.399183145733e-02
-1.817728629816e-02
 1.974916533255e-02
-2.307255114300e-02
-8.455452163426e-03
 1.604416453898e-02
-2.061243731851e-02
-1.019263830569e-02
 1.153577933919e-02
-4.595328475803e-03
 5.544557743062e-02
 6.463962374596e-02
-8.327246322913e-02
-3.517653240973e-02
-9.493094379909e-04
-2.542433571552e-02
-1.262199757166e-02
 3.791317035572e-03
-2.196511501879e-02
-4.040148944323e-02
 3.952338312438e-03
 8.247996154472e-03
-3.134732446467e-02
 1.700912956171e-02
-8.724855022848e-02
-5.311571088892e-02
 6.209979732878e-02
-6.722312119576e-02
 1.730899617688e-01
-4.466261556686e-02
 5.599216485681e-02
-4.434018019647e-01
 1.586078915170e-01
-3.604529217352e-02
-3.229417299879e-01
 2.427863434750e-01
 3.737015773453e-02
-4.939931896570e-01
-3.499031198373e-01
-9.426840627805e-02
 7.209787692183e-03
-1.118904283486e-02
 1.987066701603e-02
 2.471844199469e-01
 1.905242735815e-01
-7.762352531055e-02
 8.762310079019e-02
-1.575478989003e-02
 7.943635749576e-03
 4.634601856498e-02
-4.981234604120e-02
-7.941029611135e-04

# reaction_direction_hessian_mw
 5.288112960408e-02
 5.517533120909e-02
-2.363554117723e-02
-1.280723989204e-02
-4.211632627808e-02
-2.706165595555e-03
-2.215283970054e-02
 2.185563729043e-02
 2.082493685953e-02
 2.841559714609e-02
 6.772097501121e-03
-9.109232303266e-03
-5.185971053304e-03
-2.268673514856e-02
 9.394492492284e-03
-3.711007487735e-02
-8.817436246264e-02
-1.772528405067e-02
 2.435759505074e-02
 3.159321004667e-02
-2.066358939803e-03
-2.565761337107e-02
 1.543149655393e-02
 1.947641023001e-02
-3.290772165190e-03
-2.742052069559e-02
-2.817430533245e-03
 1.923347158724e-02
 1.682682857964e-02
 9.184066867176e-03
-8.506344329383e-03
-2.111900401559e-02
-2.553570368694e-02
-4.938405705534e-03
 5.365453850374e-03
-6.268351410483e-03
-2.297177506136e-03
 4.358879119807e-03
-5.599987610307e-03
-2.769136291173e-03
 3.134040888833e-03
-1.248458982902e-03
 1.506345619685e-02
 1.756129498510e-02
-2.262346539408e-02
-9.556761416619e-03
-2.579084175709e-04
-6.907284316123e-03
-3.429144691935e-03
 1.030025129871e-03
-5.967483129893e-03
-1.097627790561e-02
 1.073771395366e-03
 2.240815851186e-03
-3.174683944261e-02
 1.722590729753e-02
-8.836051443005e-02
-5.379265931837e-02
 6.289124602762e-02
-6.807986556677e-02
 3.471649967445e-01
-8.957941078396e-02
 1.123029870224e-01
-4.158287275916e-01
 1.487448120943e-01
-3.380380484195e-02
-3.028595014096e-01
 2.276886017073e-01
 3.504628323970e-02
-4.632740746289e-01
-3.281442891246e-01
-8.840629708991e-02
 1.743950639683e-02
-2.706478920377e-02
 4.806447004134e-02
 2.675438454607e-01
 2.062168676268e-01
-8.401701233543e-02
 9.484020611671e-02
-1.705243830704e-02
 8.597915903590e-03
 5.016332352716e-02
-5.391515619855e-02
-8.595095109705e-04

# n_cart = g_HS - g_LS normalized
 4.222353600586e-02
 4.402993534920e-02
-1.887444785272e-02
-1.020833297299e-02
-3.363037945547e-02
-2.170745478362e-03
-1.766568013037e-02
 1.743224673377e-02
 1.661403677200e-02
 2.269891623394e-02
 5.393833735326e-03
-7.277122022444e-03
-4.123282419391e-03
-1.811922316025e-02
 7.492456676622e-03
-2.960909301414e-02
-7.039074300278e-02
-1.415718067803e-02
 1.945052705562e-02
 2.520802224786e-02
-1.661118701906e-03
-2.047119912987e-02
 1.230908491987e-02
 1.553623694497e-02
-2.615778329378e-03
-2.189486591675e-02
-2.256179172315e-03
 1.536480228200e-02
 1.342248851283e-02
 7.323882711960e-03
-1.965814475793e-03
-4.884620287023e-03
-5.905777190204e-03
-1.140438434005e-03
 1.239527930136e-03
-1.450165868976e-03
-5.295586141882e-04
 1.006963502994e-03
-1.295271614239e-03
-6.389087158886e-04
 7.238845735320e-04
-2.890617985004e-04
 3.483739985081e-03
 4.059926921145e-03
-5.232471159718e-03
-2.209239649297e-03
-6.028299688943e-05
-1.598063741236e-03
-7.919894375493e-04
 2.376088578104e-04
-1.380368197103e-03
-2.536883641358e-03
 2.475959925764e-04
 5.177425368241e-04
-2.735333080360e-02
 1.483606212252e-02
-7.617769333944e-02
-4.635275140245e-02
 5.419640467179e-02
-5.869567910178e-02
 5.926869129676e-01
-1.529761265012e-01
 1.916488193214e-01
-3.319054873578e-01
 1.187143268085e-01
-2.699835733570e-02
-2.417363262656e-01
 1.817288381817e-01
 2.795726262002e-02
-3.697723734423e-01
-2.619405061535e-01
-7.058126264720e-02
 3.594755339922e-02
-5.577255229167e-02
 9.887919070529e-02
 2.464872045875e-01
 1.899519436778e-01
-7.741909516527e-02
 8.738090990748e-02
-1.572873106965e-02
 7.897205909347e-03
 4.621720908911e-02
-4.968442505434e-02
-8.163971850796e-04

# n_cart_NAST = g_LS - g_HS normalized
-4.222353600586e-02
-4.402993534920e-02
 1.887444785272e-02
 1.020833297299e-02
 3.363037945547e-02
 2.170745478362e-03
 1.766568013037e-02
-1.743224673377e-02
-1.661403677200e-02
-2.269891623394e-02
-5.393833735326e-03
 7.277122022444e-03
 4.123282419391e-03
 1.811922316025e-02
-7.492456676622e-03
 2.960909301414e-02
 7.039074300278e-02
 1.415718067803e-02
-1.945052705562e-02
-2.520802224786e-02
 1.661118701906e-03
 2.047119912987e-02
-1.230908491987e-02
-1.553623694497e-02
 2.615778329378e-03
 2.189486591675e-02
 2.256179172315e-03
-1.536480228200e-02
-1.342248851283e-02
-7.323882711960e-03
 1.965814475793e-03
 4.884620287023e-03
 5.905777190204e-03
 1.140438434005e-03
-1.239527930136e-03
 1.450165868976e-03
 5.295586141882e-04
-1.006963502994e-03
 1.295271614239e-03
 6.389087158886e-04
-7.238845735320e-04
 2.890617985004e-04
-3.483739985081e-03
-4.059926921145e-03
 5.232471159718e-03
 2.209239649297e-03
 6.028299688943e-05
 1.598063741236e-03
 7.919894375493e-04
-2.376088578104e-04
 1.380368197103e-03
 2.536883641358e-03
-2.475959925764e-04
-5.177425368241e-04
 2.735333080360e-02
-1.483606212252e-02
 7.617769333944e-02
 4.635275140245e-02
-5.419640467179e-02
 5.869567910178e-02
-5.926869129676e-01
 1.529761265012e-01
-1.916488193214e-01
 3.319054873578e-01
-1.187143268085e-01
 2.699835733570e-02
 2.417363262656e-01
-1.817288381817e-01
-2.795726262002e-02
 3.697723734423e-01
 2.619405061535e-01
 7.058126264720e-02
-3.594755339922e-02
 5.577255229167e-02
-9.887919070529e-02
-2.464872045875e-01
-1.899519436778e-01
 7.741909516527e-02
-8.738090990748e-02
 1.572873106965e-02
-7.897205909347e-03
-4.621720908911e-02
 4.968442505434e-02
 8.163971850796e-04
