Step 6 effective-Hessian projected MECP frequencies

[REAL_CM-1]
29.166957512172
47.654418379409
55.807741918939
59.386636091959
74.031350123531
81.668169129396
88.636552115461
96.224469390884
101.322894455593
115.100292803543
122.355143026045
172.681532061319
192.654100644201
220.542575509483
222.463486525950
260.958806685830
274.836591544077
354.532274159329
370.544612032962
387.796082977931
422.366313288794
433.612870589033
446.677352652417
449.169733389042
464.198883140503
466.830918509645
524.243403237524
565.492422263710
588.235631060471
653.821196198290
669.353995452244
673.964881395333
749.735074658926
753.357246549475
771.927307657813
791.011847941512
819.858772478799
887.064601734235
898.830577989981
973.797748300134
978.920889157791
996.928496494914
1000.380886049288
1028.153131670734
1032.791964501906
1072.632104032155
1088.655685637077
1096.819391682993
1132.946217999906
1151.975956865252
1186.405461331551
1190.829427020512
1289.993481388580
1296.153942216099
1301.975032214919
1339.060855567183
1346.871975703784
1465.496523716949
1481.022696410830
1482.888719923624
1509.536244010375
1593.254038831651
1609.114368217659
1641.559689197989
1645.704648847136
1817.991627203847
1982.529061099618
2115.213865713780
3189.695878222030
3190.854027396815
3205.121677948670
3206.318255729909
3212.003773948652
3220.409135899034
3221.554249396032
3224.003860253366

[IMAG_CM-1]
-14.332231918919

[ZERO_CM-1]
0.000000000000
0.000000000000
0.000000000000
0.000000000000
0.000000000000
0.000000000000
0.000000000000
