Step 6 reaction-coordinate vectors

# reaction_direction_hessian_cart
 8.593751283177e-02
 9.863817449584e-02
-3.241477474897e-02
-1.824968739369e-02
-7.054474323278e-02
-2.924203366335e-03
-4.026561020387e-02
 3.110737996506e-02
 3.546671492156e-02
 4.680658807966e-02
 1.755880602703e-02
-1.563840261655e-02
-8.184672843648e-03
-4.412334248485e-02
 1.141397083884e-02
-5.074724941472e-02
-1.272850702334e-01
-3.098624272375e-02
 5.533902268433e-02
 5.234545340318e-02
-5.007652472123e-03
-5.052739065920e-02
 2.412732615063e-02
 3.532221310749e-02
 5.719706207632e-03
-5.431462292276e-02
-1.339267741693e-02
 3.801332224441e-02
 3.184287848406e-02
 9.953240614171e-03
-4.271888010290e-02
-9.498119861631e-02
-9.138384876720e-02
-2.611973156735e-02
 2.935810011029e-02
-2.475622663291e-02
-1.002914156801e-02
 1.692331045477e-02
-2.626049821024e-02
-1.609204721248e-02
 2.418881200197e-02
 7.762844149839e-03
 6.190749887221e-02
 8.010093886186e-02
-8.653205689637e-02
-4.034389687117e-02
 6.850380259582e-03
-2.574148759928e-02
-1.711371927880e-02
-3.981426994467e-04
-2.565978910395e-02
-3.345848976629e-02
 2.745762423850e-03
 1.033826451526e-02
-9.393941983871e-02
 1.854599174517e-02
-8.917743352975e-02
-7.065171116919e-02
 7.991854835642e-02
-8.589230119153e-02
 1.909210166253e-01
-9.405930107634e-02
 7.916353297850e-02
-4.644457866952e-01
 1.798493400142e-01
-3.953662724373e-02
-3.725939507021e-01
 2.870977686645e-01
-7.513285832284e-03
-4.656593000052e-01
 1.015257203796e-01
-1.335014185972e-01
 1.027769520753e-02
-6.248013317132e-03
 2.244667189678e-02
 2.382778623395e-01
-5.845308707960e-02
-9.373819268807e-02
 8.423275211068e-02
-1.780104546895e-02
 1.272707613911e-02
 5.252840923427e-02
-5.609980849456e-02
 8.572214304880e-03

# reaction_direction_hessian_mw
 7.912680373543e-02
 9.082091413831e-02
-2.984584304541e-02
-1.680336543438e-02
-6.495394000143e-02
-2.692454764236e-03
-3.707448506365e-02
 2.864206175058e-02
 3.265591123440e-02
 4.309707817300e-02
 1.616723771200e-02
-1.439902987416e-02
-7.536022167710e-03
-4.062648482491e-02
 1.050939223916e-02
-4.672543470524e-02
-1.171974896519e-01
-2.853052486287e-02
 5.095330132984e-02
 4.819697802965e-02
-4.610786620188e-03
-4.652300016852e-02
 2.221519029436e-02
 3.252286146015e-02
 5.266408761464e-03
-5.001008717097e-02
-1.233128260921e-02
 3.500069514989e-02
 2.931927063227e-02
 9.164427624881e-03
-1.139466034726e-02
-2.533489864438e-02
-2.437535617552e-02
-6.967070973176e-03
 7.830860228352e-03
-6.603375212136e-03
-2.675132434811e-03
 4.514055006096e-03
-7.004618495023e-03
-4.292327229471e-03
 6.452025341072e-03
 2.070629478185e-03
 1.651295448050e-02
 2.136579867330e-02
-2.308120894342e-02
-1.076116697873e-02
 1.827242570954e-03
-6.866179715396e-03
-4.564843881453e-03
-1.061989644627e-04
-6.844387791007e-03
-8.924581489512e-03
 7.323935023266e-04
 2.757586632602e-03
-9.340533820254e-02
 1.844055066801e-02
-8.867042561240e-02
-7.025002908978e-02
 7.946418075292e-02
-8.540397051168e-02
 3.759599593185e-01
-1.852207348947e-01
 1.558881215079e-01
-4.276375868769e-01
 1.655959424508e-01
-3.640327537056e-02
-3.430651811850e-01
 2.643447319504e-01
-6.917843836407e-03
-4.287549269807e-01
 9.347961659422e-02
-1.229211807470e-01
 2.440794712474e-02
-1.483807172716e-02
 5.330739720531e-02
 2.532103034614e-01
-6.211623594557e-02
-9.961259507464e-02
 8.951146579009e-02
-1.891660467686e-02
 1.352465889916e-02
 5.582026929386e-02
-5.961548166316e-02
 9.109419415484e-03

# gradient_gap_unit_vector = normalized(g_HS - g_LS)
 5.949082387778e-02
 6.828731270190e-02
-2.244104048285e-02
-1.263346317663e-02
-4.882527812714e-02
-2.025479946351e-03
-2.787550140977e-02
 2.154176073171e-02
 2.455143831902e-02
 3.239952970486e-02
 1.216067172508e-02
-1.082567788210e-02
-5.666276254626e-03
-3.053949688152e-02
 7.900160005280e-03
-3.512661220256e-02
-8.810758079843e-02
-2.145324251071e-02
 3.831395711114e-02
 3.624102974720e-02
-3.471676861371e-03
-3.497111816542e-02
 1.670510762628e-02
 2.444622936934e-02
 3.964098717189e-03
-3.759719552909e-02
-9.275404464207e-03
 2.631748057240e-02
 2.204556036596e-02
 6.886725140393e-03
-2.481768631316e-03
-5.517066085771e-03
-5.309072330813e-03
-1.517687667197e-03
 1.706304242337e-03
-1.438168506502e-03
-5.829220732028e-04
 9.835728707761e-04
-1.525548704107e-03
-9.349175819105e-04
 1.405497997578e-03
 4.508954880549e-04
 3.597114226742e-03
 4.654013375587e-03
-5.027588624181e-03
-2.343160444277e-03
 3.981910192193e-04
-1.495976559458e-03
-9.938205543365e-04
-2.312265021087e-05
-1.491089648719e-03
-1.943622804723e-03
 1.596416727400e-04
 6.003850484196e-04
-7.583054018719e-02
 1.497883496744e-02
-7.199607776967e-02
-5.703432946868e-02
 6.452583325466e-02
-6.934178446690e-02
 6.045314023631e-01
-2.977786192407e-01
 2.506388036634e-01
-3.215063990820e-01
 1.245115091826e-01
-2.737234503572e-02
-2.579197081704e-01
 1.987518318116e-01
-5.206238475224e-03
-3.223455556973e-01
 7.028838010507e-02
-9.241945652020e-02
 4.735069139293e-02
-2.871014641723e-02
 1.033495264188e-01
 2.197183423172e-01
-5.389062195496e-02
-8.644001297302e-02
 7.767385780108e-02
-1.639584188942e-02
 1.173126289078e-02
 4.844570189268e-02
-5.171427819644e-02
 7.896213733333e-03

# reverse_gradient_gap_unit_vector = normalized(g_LS - g_HS)
-5.949082387778e-02
-6.828731270190e-02
 2.244104048285e-02
 1.263346317663e-02
 4.882527812714e-02
 2.025479946351e-03
 2.787550140977e-02
-2.154176073171e-02
-2.455143831902e-02
-3.239952970486e-02
-1.216067172508e-02
 1.082567788210e-02
 5.666276254626e-03
 3.053949688152e-02
-7.900160005280e-03
 3.512661220256e-02
 8.810758079843e-02
 2.145324251071e-02
-3.831395711114e-02
-3.624102974720e-02
 3.471676861371e-03
 3.497111816542e-02
-1.670510762628e-02
-2.444622936934e-02
-3.964098717189e-03
 3.759719552909e-02
 9.275404464207e-03
-2.631748057240e-02
-2.204556036596e-02
-6.886725140393e-03
 2.481768631316e-03
 5.517066085771e-03
 5.309072330813e-03
 1.517687667197e-03
-1.706304242337e-03
 1.438168506502e-03
 5.829220732028e-04
-9.835728707761e-04
 1.525548704107e-03
 9.349175819105e-04
-1.405497997578e-03
-4.508954880549e-04
-3.597114226742e-03
-4.654013375587e-03
 5.027588624181e-03
 2.343160444277e-03
-3.981910192193e-04
 1.495976559458e-03
 9.938205543365e-04
 2.312265021087e-05
 1.491089648719e-03
 1.943622804723e-03
-1.596416727400e-04
-6.003850484196e-04
 7.583054018719e-02
-1.497883496744e-02
 7.199607776967e-02
 5.703432946868e-02
-6.452583325466e-02
 6.934178446690e-02
-6.045314023631e-01
 2.977786192407e-01
-2.506388036634e-01
 3.215063990820e-01
-1.245115091826e-01
 2.737234503572e-02
 2.579197081704e-01
-1.987518318116e-01
 5.206238475224e-03
 3.223455556973e-01
-7.028838010507e-02
 9.241945652020e-02
-4.735069139293e-02
 2.871014641723e-02
-1.033495264188e-01
-2.197183423172e-01
 5.389062195496e-02
 8.644001297302e-02
-7.767385780108e-02
 1.639584188942e-02
-1.173126289078e-02
-4.844570189268e-02
 5.171427819644e-02
-7.896213733333e-03
