C     -3.209366207473     0.290555033011    -0.080696800549
C     -1.164753278379     1.342404564169    -0.628099552241
C     -1.614774983275     2.568205952092    -0.219046345276
C     -2.935760801511     2.663898767724     0.290458195375
C     -3.711183845044     1.541301827405     0.351484434494
C     -3.931533846201    -0.923069609671    -0.068342925769
C     -3.877782742005    -3.211553991802    -0.607850697514
C     -5.170114651696    -3.406427825959    -0.183881335324
C     -5.875534272229    -2.298283428468     0.337488006093
C     -5.262082796800    -1.077905000471     0.392106131018
H     -0.166447439771     1.237829129000    -1.028359063519
H     -0.972094148752     3.432371046072    -0.296359771872
H     -3.326533010288     3.616589740655     0.621996831023
H     -4.721583374132     1.600444323119     0.729268615859
H     -3.308564872376    -4.032329535820    -1.022675126783
H     -5.623824764610    -4.383219544932    -0.260868632626
H     -6.893133435982    -2.412709814221     0.687017225328
H     -5.790019984691    -0.221137128554     0.784696862307
N     -3.254173796763    -2.024561879990    -0.557199443870
N     -1.907579820534     0.216533156022    -0.573191645532
Mn    -1.349252488486    -1.621314103625    -1.155093028759
C      0.305890071023    -1.079281262248    -1.814708008374
C     -0.820524198113    -3.378073499030    -1.650210372966
C     -0.904517428414    -1.920774689473     0.669839098452
Br    -2.177151171151    -1.519764960347    -3.465423154523
O     -0.710802341694    -2.074585671122     1.773250263722
O      1.310116899068    -0.762823572387    -2.242849177214
O     -0.464481649720    -4.407840971149    -1.963868610960
