MECP Cartesian gradient and reaction-coordinate definitions
Workflow mode = MECP_ONLY
Run mode = CLUSTER

Low-spin multiplicity  = 2 (doublet)
High-spin multiplicity = 6 (sextet)

Definitions:
surface_gradient_difference_cart = g_LS - g_HS
reverse_surface_gradient_difference_cart = g_HS - g_LS
GRADIENT_GAP_NORM_EH_PER_BOHR = ||g_LS - g_HS||
CARTESIAN_GEOMETRIC_MEAN_GRADIENT_EH_PER_BOHR = sqrt(||g_LS|| * ||g_HS||)
The final reaction-coordinate-projected gradient measure is calculated later and is not defined in Step 4.

||g_LS|| = 2.485999145160e-02 Eh/Bohr
||g_HS|| = 3.509255236287e-02 Eh/Bohr
g_LS_dot_g_HS = -8.718927477086e-04
intersection_type = peaked
GRADIENT_GAP_NORM_EH_PER_BOHR = 5.994407311596e-02 Eh/Bohr
cartesian_geometric_mean_gradient_Eh_per_Bohr = 2.953642753882e-02 Eh/Bohr
CARTESIAN_GEOMETRIC_MEAN_GRADIENT_EH_PER_BOHR = 2.953642753882e-02 Eh/Bohr
effective_hessian_mix_coefficient = 4.146370413058e-01

# g_LS
-0.000809234494
 0.000401890664
 0.001902358723
 0.001354655700
-0.010690736046
-0.001787630259
 0.002732629307
 0.008506024947
 0.006199960300
-0.013654171242
-0.002504310694
 0.001678129589
 0.007060794645
 0.003279012557
-0.010069711395
 0.001967949430
 0.000968423986
 0.000783983648
 0.000027036802
 0.000070584358
 0.000100801988
 0.000463878048
-0.000442721099
 0.000589701450
-0.000145858981
 0.000084140170
-0.000350053862
 0.001032705812
-0.001179364057
 0.000433988168
-0.000293187370
 0.000115682789
-0.000407435396
-0.000010415631
 0.000055684570
 0.000056260274
-0.000006818841
 0.000119178296
-0.000119757122
 0.000842411981
 0.000254475754
 0.002068112157
-0.000074418595
-0.000016968169
 0.000014787236
-0.000506035291
 0.000320703957
-0.000311208012
 0.000021032824
-0.000186469300
-0.000143038802
-0.000378301810
 0.001002462229
-0.001411982541
-0.000066500298
-0.000081007523
 0.000052668898
 0.000402608021
-0.000149575548
 0.000364447899
 0.000039239981
 0.000072888170
 0.000355617075

# g_HS
 0.000699210820
-0.001243194586
-0.002630230180
-0.001762730380
 0.015353847979
 0.002591633154
-0.003993834967
-0.011705874309
-0.008734801247
 0.019377724280
 0.003918775062
-0.002324945127
-0.009707931160
-0.004543007659
 0.014084460617
-0.002743888323
-0.001369806061
-0.000992055270
-0.000081554877
 0.000024672007
-0.000254031609
-0.000709140403
 0.000373716683
-0.000824139683
 0.000411851340
-0.000195661109
 0.000527917164
-0.001512471810
 0.001787367317
-0.000650890071
 0.000421083147
-0.000171263657
 0.000588748886
 0.000012052752
-0.000094415013
-0.000105817553
-0.000002923793
-0.000176838588
 0.000154636053
-0.001087969702
-0.000593144281
-0.002991098037
 0.000025360674
 0.000003442774
-0.000031493796
 0.000818053196
-0.000522651773
 0.000448147201
-0.000043798484
 0.000378788871
 0.000179358843
 0.000425490570
-0.001471526158
 0.002056470181
 0.000147353067
 0.000081855418
-0.000093208704
-0.000634721314
 0.000221205525
-0.000542443081
-0.000057214637
-0.000056288432
-0.000456217723

# surface_gradient_difference_cart = g_LS - g_HS
-0.001508445314
 0.001645085250
 0.004532588903
 0.003117386080
-0.026044584025
-0.004379263413
 0.006726464274
 0.020211899256
 0.014934761547
-0.033031895522
-0.006423085756
 0.004003074716
 0.016768725805
 0.007822020216
-0.024154172012
 0.004711837753
 0.002338230047
 0.001776038918
 0.000108591679
 0.000045912351
 0.000354833597
 0.001173018451
-0.000816437782
 0.001413841133
-0.000557710321
 0.000279801279
-0.000877971026
 0.002545177622
-0.002966731374
 0.001084878239
-0.000714270517
 0.000286946446
-0.000996184282
-0.000022468383
 0.000150099583
 0.000162077827
-0.000003895048
 0.000296016884
-0.000274393175
 0.001930381683
 0.000847620035
 0.005059210194
-0.000099779269
-0.000020410943
 0.000046281032
-0.001324088487
 0.000843355730
-0.000759355213
 0.000064831308
-0.000565258171
-0.000322397645
-0.000803792380
 0.002473988387
-0.003468452722
-0.000213853365
-0.000162862941
 0.000145877602
 0.001037329335
-0.000370781073
 0.000906890980
 0.000096454618
 0.000129176602
 0.000811834798

# reverse_surface_gradient_difference_cart = g_HS - g_LS
 0.001508445314
-0.001645085250
-0.004532588903
-0.003117386080
 0.026044584025
 0.004379263413
-0.006726464274
-0.020211899256
-0.014934761547
 0.033031895522
 0.006423085756
-0.004003074716
-0.016768725805
-0.007822020216
 0.024154172012
-0.004711837753
-0.002338230047
-0.001776038918
-0.000108591679
-0.000045912351
-0.000354833597
-0.001173018451
 0.000816437782
-0.001413841133
 0.000557710321
-0.000279801279
 0.000877971026
-0.002545177622
 0.002966731374
-0.001084878239
 0.000714270517
-0.000286946446
 0.000996184282
 0.000022468383
-0.000150099583
-0.000162077827
 0.000003895048
-0.000296016884
 0.000274393175
-0.001930381683
-0.000847620035
-0.005059210194
 0.000099779269
 0.000020410943
-0.000046281032
 0.001324088487
-0.000843355730
 0.000759355213
-0.000064831308
 0.000565258171
 0.000322397645
 0.000803792380
-0.002473988387
 0.003468452722
 0.000213853365
 0.000162862941
-0.000145877602
-0.001037329335
 0.000370781073
-0.000906890980
-0.000096454618
-0.000129176602
-0.000811834798

# gradient_difference_unit_vector
-0.025164211165
 0.027443668147
 0.075613628961
 0.052004909209
-0.434481386919
-0.073055819956
 0.112212332669
 0.337179277372
 0.249144924105
-0.551045229411
-0.107151306578
 0.066780158703
 0.279739512738
 0.130488633978
-0.402945124621
 0.078603897067
 0.039006859652
 0.029628265576
 0.001811549889
 0.000765919775
 0.005919410853
 0.019568547648
-0.013619991762
 0.023586003745
-0.009303844267
 0.004667705487
-0.014646502654
 0.042459203883
-0.049491654801
 0.018098173558
-0.011915615337
 0.004786902709
-0.016618561773
-0.000374822428
 0.002503993726
 0.002703817385
-0.000064978034
 0.004938217719
-0.004577486326
 0.032203044983
 0.014140180854
 0.084398839302
-0.001664539358
-0.000340499768
 0.000772070191
-0.022088730681
 0.014069042795
-0.012667727993
 0.001081529910
-0.009429759134
-0.005378307283
-0.013409038429
 0.041271609659
-0.057861478904
-0.003567548114
-0.002716914826
 0.002433561725
 0.017304952451
-0.006185450099
 0.015128951585
 0.001609076811
 0.002154952029
 0.013543203786

# reverse_gradient_unit_vector
 0.025164211165
-0.027443668147
-0.075613628961
-0.052004909209
 0.434481386919
 0.073055819956
-0.112212332669
-0.337179277372
-0.249144924105
 0.551045229411
 0.107151306578
-0.066780158703
-0.279739512738
-0.130488633978
 0.402945124621
-0.078603897067
-0.039006859652
-0.029628265576
-0.001811549889
-0.000765919775
-0.005919410853
-0.019568547648
 0.013619991762
-0.023586003745
 0.009303844267
-0.004667705487
 0.014646502654
-0.042459203883
 0.049491654801
-0.018098173558
 0.011915615337
-0.004786902709
 0.016618561773
 0.000374822428
-0.002503993726
-0.002703817385
 0.000064978034
-0.004938217719
 0.004577486326
-0.032203044983
-0.014140180854
-0.084398839302
 0.001664539358
 0.000340499768
-0.000772070191
 0.022088730681
-0.014069042795
 0.012667727993
-0.001081529910
 0.009429759134
 0.005378307283
 0.013409038429
-0.041271609659
 0.057861478904
 0.003567548114
 0.002716914826
-0.002433561725
-0.017304952451
 0.006185450099
-0.015128951585
-0.001609076811
-0.002154952029
-0.013543203786
