MECP Cartesian gradient and reaction-coordinate definitions
Workflow mode = MECP_ONLY
Run mode = CLUSTER

Low-spin multiplicity  = 2 (doublet)
High-spin multiplicity = 6 (sextet)

Definitions:
deltaG_NAST = g_LS - g_HS
delta_g_cart = g_HS - g_LS
DELTAF_PARALLEL_EH_PER_BOHR = ||g_LS - g_HS||
CARTESIAN_GRADMEAN_EH_PER_BOHR = sqrt(||g_LS|| * ||g_HS||)
The final reaction-coordinate-projected GRADMEAN_EH_PER_BOHR is calculated later and is not defined in Step 4.

||g_LS|| = 2.490146182019e-02 Eh/Bohr
||g_HS|| = 3.509264521440e-02 Eh/Bohr
g_LS_dot_g_HS = -8.733444733792e-04
intersection_type = peaked
DELTAF_PARALLEL_EH_PER_BOHR = 5.998554405592e-02 Eh/Bohr
cartesian_gradmean_Eh_per_Bohr = 2.956109208023e-02 Eh/Bohr
CARTESIAN_GRADMEAN_EH_PER_BOHR = 2.956109208023e-02 Eh/Bohr
lambda_effhess = 4.150408789881e-01

# g_LS
-0.000784407354
 0.000459608403
 0.001882006229
 0.001326375372
-0.010729417619
-0.001739380813
 0.002756789450
 0.008528647632
 0.006205276171
-0.013677584411
-0.002500383837
 0.001670053321
 0.007051436634
 0.003220675591
-0.010111996835
 0.001982251764
 0.000984569703
 0.000820152353
 0.000017507075
 0.000087209420
 0.000101589802
 0.000459095583
-0.000454574989
 0.000578839380
-0.000137244078
 0.000067963425
-0.000368606035
 0.001042347066
-0.001154585394
 0.000432512665
-0.000284953638
 0.000115753124
-0.000402885804
-0.000006456047
 0.000056639021
 0.000056221186
-0.000010202222
 0.000116193006
-0.000130361751
 0.000838502115
 0.000226778541
 0.002068087564
-0.000082056422
-0.000011998192
 0.000012555699
-0.000501396802
 0.000316953808
-0.000308167074
 0.000020003524
-0.000178373009
-0.000140430962
-0.000392518123
 0.000998432469
-0.001396501496
-0.000062980404
-0.000081818172
 0.000051297871
 0.000397450448
-0.000146909991
 0.000362312056
 0.000048040450
 0.000078637051
 0.000357426480

# g_HS
 0.000738336745
-0.001259829008
-0.002612153127
-0.001704696069
 0.015334348355
 0.002578662210
-0.004044750376
-0.011736147371
-0.008723092776
 0.019374961592
 0.003932475826
-0.002312395946
-0.009703666343
-0.004487037564
 0.014087026919
-0.002745459264
-0.001364392960
-0.000988700918
-0.000099582317
 0.000040565018
-0.000249688937
-0.000715976857
 0.000371516310
-0.000837776615
 0.000420773243
-0.000214670283
 0.000517331524
-0.001526396660
 0.001816192638
-0.000658347617
 0.000425273168
-0.000166529716
 0.000601316378
 0.000005180649
-0.000093027098
-0.000112439861
-0.000005027070
-0.000186796883
 0.000154153980
-0.001094648381
-0.000615058907
-0.003018201183
 0.000025053699
 0.000009105122
-0.000026857812
 0.000832521642
-0.000531398549
 0.000451465737
-0.000050705360
 0.000391281754
 0.000178065948
 0.000409417003
-0.001490374500
 0.002062829858
 0.000155919663
 0.000078854645
-0.000095241458
-0.000640923175
 0.000224476661
-0.000544510299
-0.000055605550
-0.000053553501
-0.000451446003

# deltaG_cart_NAST = g_LS - g_HS
-0.001522744099
 0.001719437411
 0.004494159356
 0.003031071441
-0.026063765974
-0.004318043023
 0.006801539826
 0.020264795003
 0.014928368947
-0.033052546003
-0.006432859663
 0.003982449267
 0.016755102977
 0.007707713155
-0.024199023754
 0.004727711028
 0.002348962663
 0.001808853271
 0.000117089392
 0.000046644402
 0.000351278739
 0.001175072440
-0.000826091299
 0.001416615995
-0.000558017321
 0.000282633708
-0.000885937559
 0.002568743726
-0.002970778032
 0.001090860282
-0.000710226806
 0.000282282840
-0.001004202182
-0.000011636696
 0.000149666119
 0.000168661047
-0.000005175152
 0.000302989889
-0.000284515731
 0.001933150496
 0.000841837448
 0.005086288747
-0.000107110121
-0.000021103314
 0.000039413511
-0.001333918444
 0.000848352357
-0.000759632811
 0.000070708884
-0.000569654763
-0.000318496910
-0.000801935126
 0.002488806969
-0.003459331354
-0.000218900067
-0.000160672817
 0.000146539329
 0.001038373623
-0.000371386652
 0.000906822355
 0.000103646000
 0.000132190552
 0.000808872483

# delta_g_cart = g_HS - g_LS
 0.001522744099
-0.001719437411
-0.004494159356
-0.003031071441
 0.026063765974
 0.004318043023
-0.006801539826
-0.020264795003
-0.014928368947
 0.033052546003
 0.006432859663
-0.003982449267
-0.016755102977
-0.007707713155
 0.024199023754
-0.004727711028
-0.002348962663
-0.001808853271
-0.000117089392
-0.000046644402
-0.000351278739
-0.001175072440
 0.000826091299
-0.001416615995
 0.000558017321
-0.000282633708
 0.000885937559
-0.002568743726
 0.002970778032
-0.001090860282
 0.000710226806
-0.000282282840
 0.001004202182
 0.000011636696
-0.000149666119
-0.000168661047
 0.000005175152
-0.000302989889
 0.000284515731
-0.001933150496
-0.000841837448
-0.005086288747
 0.000107110121
 0.000021103314
-0.000039413511
 0.001333918444
-0.000848352357
 0.000759632811
-0.000070708884
 0.000569654763
 0.000318496910
 0.000801935126
-0.002488806969
 0.003459331354
 0.000218900067
 0.000160672817
-0.000146539329
-0.001038373623
 0.000371386652
-0.000906822355
-0.000103646000
-0.000132190552
-0.000808872483

# n_cart_NAST
-0.025385184430
 0.028664196317
 0.074920706759
 0.050530031672
-0.434500784884
-0.071984727170
 0.113386315537
 0.337827977089
 0.248866109026
-0.551008522523
-0.107240165347
 0.066390149988
 0.279319013284
 0.128492844006
-0.403414258133
 0.078814172688
 0.039158812343
 0.030154819790
 0.001951960157
 0.000777594048
 0.005856056564
 0.019589260354
-0.013771506319
 0.023615956432
-0.009302529964
 0.004711697000
-0.014769184358
 0.042822712812
-0.049524899353
 0.018185386149
-0.011839966065
 0.004705847791
-0.016740736419
-0.000193991672
 0.002495036452
 0.002811694878
-0.000086273319
 0.005051048445
-0.004743071610
 0.032226939447
 0.014034005380
 0.084791908235
-0.001785598892
-0.000351806662
 0.000657050155
-0.022237331760
 0.014142613364
-0.012663597921
 0.001178765403
-0.009496534073
-0.005309561079
-0.013368806412
 0.041490112462
-0.057669416998
-0.003649213664
-0.002678525627
 0.002442910726
 0.017310397686
-0.006191269211
 0.015117348176
 0.001727849628
 0.002203706811
 0.013484456893

# n_cart
 0.025385184430
-0.028664196317
-0.074920706759
-0.050530031672
 0.434500784884
 0.071984727170
-0.113386315537
-0.337827977089
-0.248866109026
 0.551008522523
 0.107240165347
-0.066390149988
-0.279319013284
-0.128492844006
 0.403414258133
-0.078814172688
-0.039158812343
-0.030154819790
-0.001951960157
-0.000777594048
-0.005856056564
-0.019589260354
 0.013771506319
-0.023615956432
 0.009302529964
-0.004711697000
 0.014769184358
-0.042822712812
 0.049524899353
-0.018185386149
 0.011839966065
-0.004705847791
 0.016740736419
 0.000193991672
-0.002495036452
-0.002811694878
 0.000086273319
-0.005051048445
 0.004743071610
-0.032226939447
-0.014034005380
-0.084791908235
 0.001785598892
 0.000351806662
-0.000657050155
 0.022237331760
-0.014142613364
 0.012663597921
-0.001178765403
 0.009496534073
 0.005309561079
 0.013368806412
-0.041490112462
 0.057669416998
 0.003649213664
 0.002678525627
-0.002442910726
-0.017310397686
 0.006191269211
-0.015117348176
-0.001727849628
-0.002203706811
-0.013484456893
