DFT Engrad gradients extracted at MECP
Workflow mode = MECP_ONLY
Run mode = CLUSTER
Engrad method = PBE
Basis = def2-TZVP
Charge = 0
Multiplicities = [3, 5]

Low-spin multiplicity  = 3 (triplet)
High-spin multiplicity = 5 (quintet)

||g_LS||        = 2.652257917907e-02 Eh/Bohr
||g_HS||        = 7.783427439499e-03 Eh/Bohr
gradmean        = 1.436790070082e-02 Eh/Bohr
||g_HS-g_LS||   = 3.428703568485e-02 Eh/Bohr
DeltaF_parallel = 3.428703568485e-02 Eh/Bohr

Remote Engrad files:
  mult 3: Spin_Inversion_T_Q_Zero/Engrad/T_Q_Zero_Engrad_triplet.engrad
  mult 5: Spin_Inversion_T_Q_Zero/Engrad/T_Q_Zero_Engrad_quintet.engrad

# g_triplet
-0.004542695727
-0.001595749259
 0.006282278385
-0.004296123266
-0.013519312451
 0.002799870370
 0.009682292169
 0.010305424743
-0.000163869261
-0.003565900641
-0.002351631572
-0.005394192111
 0.004459393511
 0.004078461829
-0.009572254485
-0.001199489698
 0.001686210606
 0.003461787019
 0.000575274947
-0.000716776667
 0.000073074287
 0.000086722007
-0.000082202449
-0.000231631398
-0.000106226310
 0.000220645860
-0.000702504181
 0.001383160757
-0.001051653901
-0.001547080721
-0.000601822759
 0.000228938346
 0.000021533337
 0.000389160149
-0.000293827669
 0.000601098236
-0.000175770670
-0.000061522137
-0.000237898008
-0.002365142062
-0.000226959863
 0.003195924096
-0.000233037433
 0.000649433953
-0.000169476485
 0.000005999613
 0.000112906427
-0.000430082357
 0.000736353080
-0.000780088308
 0.000453237452
-0.000424521930
 0.002459963674
 0.002204794709
-0.000421161820
-0.000205173149
 0.000139410385
-0.000234613268
 0.000509454530
 0.000320547643
 0.000848149320
 0.000633457435
-0.001104566929

# g_quintet
 0.001328135489
 0.000461271132
-0.002016408363
 0.001348726468
 0.003764732045
-0.000863514362
-0.002885426388
-0.002899075738
 0.000239258302
 0.000980230321
 0.000771417504
 0.001666275562
-0.001238876218
-0.001197528660
 0.002852097270
 0.000382217754
-0.000704267194
-0.000898995155
-0.000200694422
 0.000249345764
-0.000043922003
-0.000038911441
 0.000123634789
 0.000009901130
-0.000008815832
-0.000015816746
 0.000163264568
-0.000416609396
 0.000405834804
 0.000495029617
 0.000173929000
-0.000075892861
-0.000008176072
-0.000123576277
 0.000083219816
-0.000194118842
 0.000040776224
 0.000008664260
 0.000063007283
 0.000707763276
-0.000055017802
-0.000987571122
 0.000069879966
-0.000151196216
 0.000052981248
-0.000006346725
-0.000002963623
 0.000124143537
-0.000221550569
 0.000273757073
-0.000119748629
-0.000066624155
-0.000907006771
-0.000736434471
 0.000215233746
 0.000118658428
-0.000050813965
 0.000165518599
-0.000103755682
-0.000052033290
-0.000204979453
-0.000148014343
 0.000305777739

# delta_g_cart = g_HS - g_LS
 0.005870831216
 0.002057020391
-0.008298686748
 0.005644849734
 0.017284044496
-0.003663384732
-0.012567718557
-0.013204500481
 0.000403127563
 0.004546130962
 0.003123049076
 0.007060467673
-0.005698269729
-0.005275990489
 0.012424351755
 0.001581707452
-0.002390477800
-0.004360782174
-0.000775969369
 0.000966122431
-0.000116996290
-0.000125633448
 0.000205837238
 0.000241532528
 0.000097410478
-0.000236462606
 0.000865768749
-0.001799770153
 0.001457488705
 0.002042110338
 0.000775751759
-0.000304831207
-0.000029709409
-0.000512736426
 0.000377047485
-0.000795217078
 0.000216546894
 0.000070186397
 0.000300905291
 0.003072905338
 0.000171942061
-0.004183495218
 0.000302917399
-0.000800630169
 0.000222457733
-0.000012346338
-0.000115870050
 0.000554225894
-0.000957903649
 0.001053845381
-0.000572986081
 0.000357897775
-0.003366970445
-0.002941229180
 0.000636395566
 0.000323831577
-0.000190224350
 0.000400131867
-0.000613210212
-0.000372580933
-0.001053128773
-0.000781471778
 0.001410344668

# MECP_seam_normal_cart = delta_g_cart / ||delta_g_cart||
 0.171225977946
 0.059994115849
-0.242035701898
 0.164635105405
 0.504098536102
-0.106844603473
-0.366544330998
-0.385116421331
 0.011757434113
 0.132590376251
 0.091085420878
 0.205922370715
-0.166193128545
-0.153877125380
 0.362362960426
 0.046131356077
-0.069719582118
-0.127184578279
-0.022631567690
 0.028177484921
-0.003412260280
-0.003664167680
 0.006003354734
 0.007044427235
 0.002841029446
-0.006896560209
 0.025250615333
-0.052491273073
 0.042508448919
 0.059559256063
 0.022625220977
-0.008890567555
-0.000866491034
-0.014954236077
 0.010996794487
-0.023192937567
 0.006315707663
 0.002047024352
 0.008776066084
 0.089622951551
 0.005014783505
-0.122013908010
 0.008834750306
-0.023350813303
 0.006488100489
-0.000360087647
-0.003379412880
 0.016164298923
-0.027937779685
 0.030735972357
-0.016711449956
 0.010438282804
-0.098199519957
-0.085782544955
 0.018560821993
 0.009444723655
-0.005547996384
 0.011670063014
-0.017884608563
-0.010866525075
-0.030715072095
-0.022792048434
 0.041133467500
