Step 6 reaction-coordinate vectors

# reaction_direction_hessian_cart
-3.877281879021e-02
 1.040199572940e-02
-2.580209289589e-02
-3.933740289235e-02
 7.383716132927e-02
 5.776380942699e-02
 3.010730792624e-02
-5.727103206278e-02
-8.562135259486e-02
 1.963257963600e-01
 2.636117783601e-02
-6.032018740932e-03
-9.108297997057e-02
-5.891467582838e-02
 9.787905504345e-02
-4.556385338144e-02
-7.697181998516e-03
-1.385405643777e-02
 1.166528913985e-01
-1.129818392210e-01
-6.955499508528e-03
-1.379648064973e-01
 5.325247889800e-03
-2.240484204828e-01
 8.183561037600e-02
 1.473902801151e-02
 7.775293461430e-02
-1.984183101806e-02
 6.101525858910e-02
-4.646564581811e-02
 1.185440617013e-01
 1.848446581960e-01
 2.937627319656e-01
 1.507730893459e-01
-1.858728402248e-01
 1.199172657023e-01
-1.525419886448e-02
 5.386164102226e-02
-2.693219853414e-01
-6.723508584430e-02
-1.374308529927e-02
-6.088622482361e-02
-2.969559417520e-01
 9.889389480854e-02
-1.044030277510e-01
 1.969189009673e-01
-4.101201728291e-01
 6.577463270443e-02
 8.255704555781e-02
-1.954228039102e-02
 2.691827298319e-01
 4.866977254555e-02
-1.274416721386e-02
 7.229397812394e-02
-8.886385699475e-02
-2.541145080213e-02
 2.369165743210e-02
-1.456365471244e-01
-4.878487109777e-02
-1.767507732180e-02
 3.231028944752e-02
 5.753962139281e-02
-2.505984311513e-01

# reaction_direction_hessian_mw
-1.454833979665e-01
 3.903037570042e-02
-9.681463113251e-02
-1.118359305754e-01
 2.099184755767e-01
 1.642220610885e-01
 8.559484235059e-02
-1.628210988734e-01
-2.434208397229e-01
 5.581527126223e-01
 7.494462363017e-02
-1.714898238165e-02
-2.589482038880e-01
-1.674939653197e-01
 2.782693924809e-01
-7.928735718695e-02
-1.339415289002e-02
-2.410795926486e-02
 5.880573559241e-02
-5.695512630953e-02
-3.506327705280e-03
-6.954925707087e-02
 2.684503706829e-03
-1.129447544493e-01
 4.125404186832e-02
 7.430072017446e-03
 3.919592956202e-02
-3.452750868111e-02
 1.061749225007e-01
-8.085659977133e-02
 5.975909096535e-02
 9.318179742679e-02
 1.480883442816e-01
 7.600602368473e-02
-9.370011291646e-02
 6.045133502747e-02
-7.689774118276e-03
 2.715212098522e-02
-1.357675516598e-01
-1.169982754137e-01
-2.391485425634e-02
-1.059503860427e-01
-1.496980690655e-01
 4.985327118852e-02
-5.263047294728e-02
 9.926852806307e-02
-2.067451406936e-01
 3.315756354714e-02
 4.161772360857e-02
-9.851433254416e-03
 1.356973517481e-01
 8.469208272887e-02
-2.217659971550e-02
 1.258014421650e-01
-4.479704202361e-02
-1.281013302778e-02
 1.194317025489e-02
-7.341664814405e-02
-2.459287717854e-02
-8.910159972034e-03
 1.628789749989e-02
 2.900622283038e-02
-1.263288453932e-01

# n_cart = g_HS - g_LS normalized
-2.205958093407e-01
 5.917902656439e-02
-1.467935444095e-01
-1.285606801585e-01
 2.411469138168e-01
 1.886709051171e-01
 9.830731416408e-02
-1.870907697466e-01
-2.796167616212e-01
 6.412191318281e-01
 8.615939905393e-02
-1.975404599030e-02
-2.974110322798e-01
-1.924326747928e-01
 3.196956889032e-01
-5.572963810783e-02
-9.388369945075e-03
-1.697719689013e-02
 1.198175075980e-02
-1.160020020823e-02
-7.157826512446e-04
-1.416562322731e-02
 5.501702038122e-04
-2.301027827971e-02
 8.406108462888e-03
 1.516290691985e-03
 7.982146389920e-03
-2.430824176297e-02
 7.466148589743e-02
-5.685911844655e-02
 1.216961520359e-02
 1.898184093351e-02
 3.016612513305e-02
 1.548087328795e-02
-1.908616111439e-02
 1.231327174469e-02
-1.568188036794e-03
 5.530688026195e-03
-2.765636913553e-02
-8.226340653562e-02
-1.682515059681e-02
-7.449354699874e-02
-3.049390756092e-02
 1.015557085783e-02
-1.072126222224e-02
 2.022192269558e-02
-4.211642534198e-02
 6.755506561768e-03
 8.479514759318e-03
-2.007636451456e-03
 2.764310318454e-02
 5.958498390067e-02
-1.561680712014e-02
 8.848109804307e-02
-9.122825688719e-03
-2.611926563721e-03
 2.435088149566e-03
-1.495156134131e-02
-5.011757804240e-03
-1.813134272372e-03
 3.319698978463e-03
 5.906493561936e-03
-2.573189225759e-02

# n_cart_NAST = g_LS - g_HS normalized
 2.205958093407e-01
-5.917902656439e-02
 1.467935444095e-01
 1.285606801585e-01
-2.411469138168e-01
-1.886709051171e-01
-9.830731416408e-02
 1.870907697466e-01
 2.796167616212e-01
-6.412191318281e-01
-8.615939905393e-02
 1.975404599030e-02
 2.974110322798e-01
 1.924326747928e-01
-3.196956889032e-01
 5.572963810783e-02
 9.388369945075e-03
 1.697719689013e-02
-1.198175075980e-02
 1.160020020823e-02
 7.157826512446e-04
 1.416562322731e-02
-5.501702038122e-04
 2.301027827971e-02
-8.406108462888e-03
-1.516290691985e-03
-7.982146389920e-03
 2.430824176297e-02
-7.466148589743e-02
 5.685911844655e-02
-1.216961520359e-02
-1.898184093351e-02
-3.016612513305e-02
-1.548087328795e-02
 1.908616111439e-02
-1.231327174469e-02
 1.568188036794e-03
-5.530688026195e-03
 2.765636913553e-02
 8.226340653562e-02
 1.682515059681e-02
 7.449354699874e-02
 3.049390756092e-02
-1.015557085783e-02
 1.072126222224e-02
-2.022192269558e-02
 4.211642534198e-02
-6.755506561768e-03
-8.479514759318e-03
 2.007636451456e-03
-2.764310318454e-02
-5.958498390067e-02
 1.561680712014e-02
-8.848109804307e-02
 9.122825688719e-03
 2.611926563721e-03
-2.435088149566e-03
 1.495156134131e-02
 5.011757804240e-03
 1.813134272372e-03
-3.319698978463e-03
-5.906493561936e-03
 2.573189225759e-02
