Step 6 effective-Hessian projected MECP frequencies

[REAL_CM-1]
33.864878722716
40.192930824946
57.785167878853
76.786376211154
81.456938719514
89.445327550635
96.123842355590
103.936188969984
110.466510095292
117.496145655690
126.037674061997
127.832946933098
148.517642728895
173.476838629220
186.691007069976
191.351304471358
207.837200101473
245.018402184613
298.844215494238
316.888508015853
622.316860676648
651.926369891021
660.093104183869
666.338420063687
830.800955372169
890.571831004214
894.606387252614
897.506462179157
902.633784223804
903.752032537449
905.324965987508
907.351279990885
1238.236596344493
1241.803448862091
1244.636242456521
1251.873048268826
1395.216334250686
1399.613309416992
1402.118523138136
1405.617344573281
1416.543324850995
1419.246222279907
1423.227189503454
1430.909271150804
2819.245150753238
2878.401786437877
2879.572855680082
2889.104758295842
2918.047110432410
2945.541011233254
2948.617060473913
2954.089667625963
2955.226792075535
2979.881318127403
2986.387687098515
2989.499960556409

[IMAG_CM-1]

[ZERO_CM-1]
0.000000000000
0.000000000000
0.000000000000
0.000000000000
0.000000000000
0.000000000000
0.000000000000
