Step 6 effective-Hessian projected MECP frequencies

[REAL_CM-1]
40.561349625145
44.405838439637
63.282435042297
78.641658395582
87.019351774239
94.609411941459
100.826479559722
106.929473971561
116.708802797943
125.646697197954
130.358232232309
136.575374879959
156.145625406130
176.020370663934
187.098139836253
191.729353586950
209.432909758559
245.951865436904
300.182967628242
317.356932237698
622.773335787963
652.718342743408
659.978830929802
666.426517975133
832.051809162869
892.715032945854
895.938771060255
898.686010902488
904.385872567180
905.585865002622
906.894217457040
909.090235084191
1238.884884825776
1242.522045434636
1244.909432755755
1252.759209337373
1395.972413340277
1400.620980925488
1403.047361968020
1406.642272963670
1417.311883168638
1420.107256161546
1423.959151128604
1431.420929161182
2820.015089688891
2879.127299131267
2880.281706078159
2890.024245264969
2919.270100831037
2946.688106649573
2950.154732782866
2955.469055928583
2956.598817180871
2981.054996112889
2987.344819781464
2990.853204372967

[IMAG_CM-1]

[ZERO_CM-1]
0.000000000000
0.000000000000
0.000000000000
0.000000000000
0.000000000000
0.000000000000
0.000000000000
