Step 6 reaction-coordinate vectors

# reaction_direction_hessian_cart
-3.877246569084e-02
 1.040179566150e-02
-2.580069744703e-02
-3.933706440224e-02
 7.383803980467e-02
 5.776491754277e-02
 3.010729176456e-02
-5.727229113007e-02
-8.562150721226e-02
 1.963258388748e-01
 2.636086637976e-02
-6.034203061071e-03
-9.108268985546e-02
-5.891318377665e-02
 9.787788705950e-02
-4.556666450666e-02
-7.697426417618e-03
-1.385339415520e-02
 1.166600077371e-01
-1.129823463640e-01
-6.944868542852e-03
-1.379632710430e-01
 5.329856225027e-03
-2.240542019278e-01
 8.183297653380e-02
 1.474180529408e-02
 7.774992045517e-02
-1.984220608402e-02
 6.101476951641e-02
-4.646652740528e-02
 1.185462982281e-01
 1.848408866392e-01
 2.937600158408e-01
 1.507759769755e-01
-1.858750102430e-01
 1.199149540269e-01
-1.525793739905e-02
 5.386001367812e-02
-2.693269502007e-01
-6.723522922620e-02
-1.374172772625e-02
-6.088568016533e-02
-2.969533655812e-01
 9.889856011559e-02
-1.044022407650e-01
 1.969135268967e-01
-4.101129344465e-01
 6.577825300086e-02
 8.255956914816e-02
-1.953963507185e-02
 2.691862044600e-01
 4.867021595652e-02
-1.274716552645e-02
 7.229322063973e-02
-8.885428834621e-02
-2.540718676904e-02
 2.369590969951e-02
-1.456519471494e-01
-4.878890001937e-02
-1.767679805654e-02
 3.230298848003e-02
 5.753945784506e-02
-2.505965531801e-01

# reaction_direction_hessian_mw
-1.454821529365e-01
 3.902964643280e-02
-9.680944827672e-02
-1.118350296481e-01
 2.099210883221e-01
 1.642253016127e-01
 8.559484339464e-02
-1.628247677827e-01
-2.434214129373e-01
 5.581531399176e-01
 7.494377930659e-02
-1.715520180502e-02
-2.589475212552e-01
-1.674898153801e-01
 2.782662246797e-01
-7.929229246205e-02
-1.339458556642e-02
-2.410682003694e-02
 5.880935528681e-02
-5.695541323324e-02
-3.500970465194e-03
-6.954852121718e-02
 2.686828283705e-03
-1.129477309343e-01
 4.125273677334e-02
 7.431476149584e-03
 3.919443161597e-02
-3.452818030330e-02
 1.061741297367e-01
-8.085817824513e-02
 5.976025122635e-02
 9.317994730804e-02
 1.480870563593e-01
 7.600752109200e-02
-9.370125828343e-02
 6.045020287899e-02
-7.691662968743e-03
 2.715131553298e-02
-1.357701290262e-01
-1.169985891501e-01
-2.391250502095e-02
-1.059494964288e-01
-1.496968525790e-01
 4.985565038106e-02
-5.263010511475e-02
 9.926587344439e-02
-2.067416052632e-01
 3.315940677453e-02
 4.161901862121e-02
-9.850105133758e-03
 1.356991778372e-01
 8.469290082120e-02
-2.218182936866e-02
 1.258001931028e-01
-4.479224297572e-02
-1.280799052325e-02
 1.194532041780e-02
-7.342445174039e-02
-2.459492169552e-02
-8.911032301518e-03
 1.628422595882e-02
 2.900615630891e-02
-1.263279680457e-01

# gradient_gap_unit_vector = normalized(g_HS - g_LS)
-2.205941721729e-01
 5.917798814642e-02
-1.467858520131e-01
-1.285597932751e-01
 2.411501897011e-01
 1.886748469460e-01
 9.830742304996e-02
-1.870951939505e-01
-2.796177354363e-01
 6.412203499549e-01
 8.615852697327e-02
-1.976121749625e-02
-2.974105811812e-01
-1.924281280677e-01
 3.196924101932e-01
-5.573317023844e-02
-9.388685507353e-03
-1.697641789810e-02
 1.198250185867e-02
-1.160027192063e-02
-7.146923539197e-04
-1.416548924430e-02
 5.506442755873e-04
-2.301091095374e-02
 8.405852241529e-03
 1.516578428758e-03
 7.981849971163e-03
-2.430874162444e-02
 7.466101276342e-02
-5.686029077191e-02
 1.216986530647e-02
 1.898148555585e-02
 3.016589719943e-02
 1.548119587232e-02
-1.908641608766e-02
 1.231305515657e-02
-1.568574518462e-03
 5.530530143570e-03
-2.765692529926e-02
-8.226372149029e-02
-1.682351658955e-02
-7.449300678533e-02
-3.049369442021e-02
 1.015606714801e-02
-1.072119959608e-02
 2.022140471922e-02
-4.211575275517e-02
 6.755889634043e-03
 8.479788145513e-03
-2.007368139619e-03
 2.764350639945e-02
 5.958562807461e-02
-1.562050346202e-02
 8.848032054031e-02
-9.121858299160e-03
-2.611493224989e-03
 2.435529023103e-03
-1.495316776768e-02
-5.012180101211e-03
-1.813314022407e-03
 3.318954879596e-03
 5.906486644536e-03
-2.573174261798e-02

# reverse_gradient_gap_unit_vector = normalized(g_LS - g_HS)
 2.205941721729e-01
-5.917798814642e-02
 1.467858520131e-01
 1.285597932751e-01
-2.411501897011e-01
-1.886748469460e-01
-9.830742304996e-02
 1.870951939505e-01
 2.796177354363e-01
-6.412203499549e-01
-8.615852697327e-02
 1.976121749625e-02
 2.974105811812e-01
 1.924281280677e-01
-3.196924101932e-01
 5.573317023844e-02
 9.388685507353e-03
 1.697641789810e-02
-1.198250185867e-02
 1.160027192063e-02
 7.146923539197e-04
 1.416548924430e-02
-5.506442755873e-04
 2.301091095374e-02
-8.405852241529e-03
-1.516578428758e-03
-7.981849971163e-03
 2.430874162444e-02
-7.466101276342e-02
 5.686029077191e-02
-1.216986530647e-02
-1.898148555585e-02
-3.016589719943e-02
-1.548119587232e-02
 1.908641608766e-02
-1.231305515657e-02
 1.568574518462e-03
-5.530530143570e-03
 2.765692529926e-02
 8.226372149029e-02
 1.682351658955e-02
 7.449300678533e-02
 3.049369442021e-02
-1.015606714801e-02
 1.072119959608e-02
-2.022140471922e-02
 4.211575275517e-02
-6.755889634043e-03
-8.479788145513e-03
 2.007368139619e-03
-2.764350639945e-02
-5.958562807461e-02
 1.562050346202e-02
-8.848032054031e-02
 9.121858299160e-03
 2.611493224989e-03
-2.435529023103e-03
 1.495316776768e-02
 5.012180101211e-03
 1.813314022407e-03
-3.318954879596e-03
-5.906486644536e-03
 2.573174261798e-02
