Linear Cartesian interpolation scan
jobname = Nickel_acetate_plus1_doublet_quartet
charge = 1
multiplicities = [2, 4]
method = B3LYP D3
basis = def2-TZVP
n_interp = 10

index  lambda      E_mult_a_Eh        E_mult_b_Eh        gap_cm1        abs_gap_cm1      gap_kcal
    1    0.000000  -1737.034464807447  -1736.968697207173   -14434.317763    14434.317763      -41.269792
    2    0.111111  -1737.006665103886  -1736.946146648380   -13282.263815    13282.263815      -37.975904
    3    0.222222  -1736.896835519478  -1736.843680813172   -11666.107905    11666.107905      -33.355082
    4    0.333333  -1736.686826368398  -1736.642891008855    -9642.695462     9642.695462      -27.569854
    5    0.444444  -1736.474942052272  -1736.442106723234    -7206.520706     7206.520706      -20.604480
    6    0.555556  -1736.467991790292  -1736.447311053118    -4538.896519     4538.896519      -12.977359
    7    0.666667  -1736.667583802226  -1736.657849059070    -2136.528860     2136.528860       -6.108644
    8    0.777778  -1736.868833668182  -1736.866986759453     -405.349555      405.349555       -1.158953
    9    0.888889  -1736.961925028932  -1736.976271601239     3148.708218     3148.708218        9.002610
   10    1.000000  -1736.987664060823  -1737.003891789880     3561.574344     3561.574344       10.183054
