Linear Cartesian interpolation scan
jobname = Nickel_INT2
charge = 1
multiplicities = [2, 4]
method = B3LYP D3
basis = def2-TZVP
n_interp = 10

index  lambda      E_mult_a_Eh        E_mult_b_Eh        gap_cm1        abs_gap_cm1      gap_kcal
    1    0.000000  -1737.034464952774  -1736.968685785152   -14436.856502    14436.856502      -41.277051
    2    0.111111  -1737.006680284820  -1736.946150806069   -13284.683137    13284.683137      -37.982821
    3    0.222222  -1736.896938585006  -1736.843779755934   -11667.012747    11667.012747      -33.357669
    4    0.333333  -1736.687167831489  -1736.643235811151    -9641.962591     9641.962591      -27.567759
    5    0.444444  -1736.475584037766  -1736.442755599399    -7205.008379     7205.008379      -20.600156
    6    0.555556  -1736.468629680427  -1736.447954889472    -4537.591475     4537.591475      -12.973627
    7    0.666667  -1736.667918413539  -1736.658188606087    -2135.445599     2135.445599       -6.105546
    8    0.777778  -1736.868933949660  -1736.867090976433     -404.485812      404.485812       -1.156483
    9    0.888889  -1736.961945148272  -1736.976289598508     3148.242478     3148.242478        9.001278
   10    1.000000  -1736.987661092352  -1737.003892651361     3562.414921     3562.414921       10.185457
