Raw ORCA SOC table elements

BraBlock BraRoot BraS BraMs KetBlock KetRoot KetS KetMs Real Imag Abs Type
   1    0    1.000    1.000    0    0    2.000    2.000   -88.12600000    49.62700000   101.13867215 inter
   1    0    1.000    1.000    0    0    2.000    1.000    -0.00000000   -45.78800000    45.78800000 inter
   1    0    1.000    1.000    0    0    2.000    0.000   -35.97700000   -20.26000000    41.28937065 inter
   1    0    1.000    0.000    0    0    2.000    1.000   -62.31400000    35.09200000    71.51561410 inter
   1    0    1.000    0.000    0    0    2.000    0.000    -0.00000000   -52.87100000    52.87100000 inter
   1    0    1.000    0.000    0    0    2.000   -1.000   -62.31400000   -35.09200000    71.51561410 inter
   1    0    1.000   -1.000    0    0    2.000    0.000   -35.97700000    20.26000000    41.28937065 inter
   1    0    1.000   -1.000    0    0    2.000   -1.000    -0.00000000   -45.78800000    45.78800000 inter
   1    0    1.000   -1.000    0    0    2.000   -2.000   -88.12600000   -49.62700000   101.13867215 inter

H_SO_ORCA_effective_cm = 202.6945409156
H_SO_cm = 202.6945409156
H_SO_source = ORCA SOC calculation
selected_SOC_protocol = EXISTING_SOC_OUTPUT_PARSED_DIRECTLY
