Raw ORCA SOC table elements

BraBlock BraRoot BraS BraMs KetBlock KetRoot KetS KetMs Real Imag Abs Type
   1    0    1.000    1.000    0    0    2.000    2.000   -88.08000000    49.61700000   101.09368471 inter
   1    0    1.000    1.000    0    0    2.000    1.000    -0.00000000   -45.78600000    45.78600000 inter
   1    0    1.000    1.000    0    0    2.000    0.000   -35.95900000   -20.25600000    41.27172418 inter
   1    0    1.000    0.000    0    0    2.000    1.000   -62.28200000    35.08400000    71.48380642 inter
   1    0    1.000    0.000    0    0    2.000    0.000    -0.00000000   -52.86900000    52.86900000 inter
   1    0    1.000    0.000    0    0    2.000   -1.000   -62.28200000   -35.08400000    71.48380642 inter
   1    0    1.000   -1.000    0    0    2.000    0.000   -35.95900000    20.25600000    41.27172418 inter
   1    0    1.000   -1.000    0    0    2.000   -1.000    -0.00000000   -45.78600000    45.78600000 inter
   1    0    1.000   -1.000    0    0    2.000   -2.000   -88.08000000   -49.61700000   101.09368471 inter

H_SO_ORCA_effective_cm = 202.6185887943
H_SO_cm = 202.6185887943
H_SO_source = ORCA SOC calculation
selected_SOC_protocol = EXISTING_SOC_OUTPUT_PARSED_DIRECTLY
