DFT Engrad gradients extracted at MECP
Workflow mode = MECP_ONLY
Run mode = CLUSTER
Engrad method = PBE
Basis = def2-TZVP
Charge = 0
Multiplicities = [1, 5]

Low-spin multiplicity  = 1 (singlet)
High-spin multiplicity = 5 (quintet)

||g_LS||        = 3.231293340700e-02 Eh/Bohr
||g_HS||        = 1.520914316456e-02 Eh/Bohr
CARTESIAN_GEOMETRIC_MEAN_GRADIENT_EH_PER_BOHR = 2.216871737954e-02 Eh/Bohr
||g_LS-g_HS|| = 4.675508620323e-02 Eh/Bohr
GRADIENT_GAP_NORM_EH_PER_BOHR = 4.675508620323e-02 Eh/Bohr

Remote Engrad files:
  mult 1: /home/barzinmehrh/Spin_Inversion_Rubredoxin_zero_singlet_quintet/Engrad/Rubredoxin_zero_singlet_quintet_Engrad_singlet.engrad
  mult 5: /home/barzinmehrh/Spin_Inversion_Rubredoxin_zero_singlet_quintet/Engrad/Rubredoxin_zero_singlet_quintet_Engrad_quintet.engrad

# g_singlet
 0.003926893665
 0.002167409011
 0.009185069761
 0.002441286596
-0.010989141854
 0.002887182594
 0.008605921412
 0.004104922168
 0.006881723635
-0.017319213149
-0.006753673273
-0.006306756113
 0.003545630109
 0.010306942888
-0.011378539868
 0.002137203866
 0.001975626356
 0.000915928037
-0.000694769979
-0.000330471942
-0.000224920770
 0.000571007757
-0.000781401797
-0.000138132260
-0.000081343909
 0.000396537565
-0.000758176153
-0.003180398887
-0.001953990648
-0.000338063720
-0.000083409128
 0.000427163903
-0.000089944826
 0.000612525203
-0.000483557658
-0.000536074413
 0.000099304831
 0.000173004519
 0.000475327541
-0.000059047020
 0.001701423185
-0.000431079537
 0.000328692296
-0.000013873617
-0.000171540776
-0.000098135307
-0.000294398130
-0.000484251908
-0.000229551308
 0.000033218995
 0.000248681866
-0.000299179145
-0.000566019671
 0.000396438971
 0.000068799654
-0.000193280396
 0.000313834128
-0.000179258724
 0.000514400689
 0.000298747158
-0.000112958857
 0.000559159682
-0.000745453306

# g_quintet
 0.000556808020
-0.000657632808
-0.003978322260
 0.000609055754
 0.007105519101
-0.001754553312
-0.005265318407
-0.004141926058
-0.001922993510
 0.005879204905
 0.002754446292
 0.003088111984
-0.002426814663
-0.003743817720
 0.005806625577
-0.000332986926
-0.001063271506
-0.001185031016
 0.000015408650
 0.000278839028
 0.000035139209
-0.000172313156
 0.000258939861
 0.000065535300
 0.000038703946
-0.000186886215
 0.000400622911
 0.000447159317
 0.000739432567
 0.000477547585
 0.000162682842
-0.000161885444
 0.000035077252
-0.000285138105
 0.000218658155
-0.000002917275
-0.000000042050
-0.000043509924
-0.000021257179
 0.000692577860
-0.000298778491
-0.000791632094
 0.000002621040
-0.000172278032
 0.000087346215
 0.000038874747
 0.000048112185
 0.000219252102
-0.000147790431
 0.000224624392
-0.000164387873
 0.000099496652
-0.000661478996
-0.000584417898
 0.000164835964
 0.000119413339
-0.000123204641
 0.000104862037
-0.000308971313
-0.000179879602
-0.000181888018
-0.000307548434
 0.000493338566

# surface_gradient_difference_cart = g_LS - g_HS
 0.003370085645
 0.002825041819
 0.013163392021
 0.001832230842
-0.018094660955
 0.004641735906
 0.013871239819
 0.008246848226
 0.008804717145
-0.023198418054
-0.009508119565
-0.009394868097
 0.005972444772
 0.014050760608
-0.017185165445
 0.002470190792
 0.003038897862
 0.002100959053
-0.000710178629
-0.000609310970
-0.000260059979
 0.000743320913
-0.001040341658
-0.000203667560
-0.000120047855
 0.000583423780
-0.001158799064
-0.003627558204
-0.002693423215
-0.000815611305
-0.000246091970
 0.000589049347
-0.000125022078
 0.000897663308
-0.000702215813
-0.000533157138
 0.000099346881
 0.000216514443
 0.000496584720
-0.000751624880
 0.002000201676
 0.000360552557
 0.000326071256
 0.000158404415
-0.000258886991
-0.000137010054
-0.000342510315
-0.000703504010
-0.000081760877
-0.000191405397
 0.000413069739
-0.000398675797
 0.000095459325
 0.000980856869
-0.000096036310
-0.000312693735
 0.000437038769
-0.000284120761
 0.000823372002
 0.000478626760
 0.000068929161
 0.000866708116
-0.001238791872

# reverse_surface_gradient_difference_cart = g_HS - g_LS
-0.003370085645
-0.002825041819
-0.013163392021
-0.001832230842
 0.018094660955
-0.004641735906
-0.013871239819
-0.008246848226
-0.008804717145
 0.023198418054
 0.009508119565
 0.009394868097
-0.005972444772
-0.014050760608
 0.017185165445
-0.002470190792
-0.003038897862
-0.002100959053
 0.000710178629
 0.000609310970
 0.000260059979
-0.000743320913
 0.001040341658
 0.000203667560
 0.000120047855
-0.000583423780
 0.001158799064
 0.003627558204
 0.002693423215
 0.000815611305
 0.000246091970
-0.000589049347
 0.000125022078
-0.000897663308
 0.000702215813
 0.000533157138
-0.000099346881
-0.000216514443
-0.000496584720
 0.000751624880
-0.002000201676
-0.000360552557
-0.000326071256
-0.000158404415
 0.000258886991
 0.000137010054
 0.000342510315
 0.000703504010
 0.000081760877
 0.000191405397
-0.000413069739
 0.000398675797
-0.000095459325
-0.000980856869
 0.000096036310
 0.000312693735
-0.000437038769
 0.000284120761
-0.000823372002
-0.000478626760
-0.000068929161
-0.000866708116
 0.001238791872

# gradient_difference_unit_vector
 0.072079551524
 0.060422128337
 0.281539252516
 0.039187840100
-0.387009466229
 0.099277667585
 0.296678734774
 0.176383980775
 0.188315707659
-0.496168864991
-0.203360111960
-0.200937884194
 0.127738931889
 0.300518333918
-0.367557133149
 0.052832557751
 0.064996091522
 0.044935411815
-0.015189334181
-0.013031971909
-0.005562175158
 0.015898182922
-0.022250876696
-0.004356051428
-0.002567589213
 0.012478295462
-0.024784449310
-0.077586386821
-0.057607063396
-0.017444333253
-0.005263426720
 0.012598615356
-0.002673978131
 0.019199265383
-0.015019025095
-0.011403190140
 0.002124835800
 0.004630821170
 0.010620977530
-0.016075788562
 0.042780408260
 0.007711515180
 0.006974027480
 0.003387961137
-0.005537087235
-0.002930377530
-0.007325626853
-0.015046577113
-0.001748705513
-0.004093787704
 0.008834755158
-0.008526896844
 0.002041688568
 0.020978613209
-0.002054029151
-0.006687908426
 0.009347405908
-0.006076788304
 0.017610319408
 0.010236891831
 0.001474260163
 0.018537194269
-0.026495339280

# MECP_seam_normal_cart = normalized(g_HS - g_LS)
-0.072079551524
-0.060422128337
-0.281539252516
-0.039187840100
 0.387009466229
-0.099277667585
-0.296678734774
-0.176383980775
-0.188315707659
 0.496168864991
 0.203360111960
 0.200937884194
-0.127738931889
-0.300518333918
 0.367557133149
-0.052832557751
-0.064996091522
-0.044935411815
 0.015189334181
 0.013031971909
 0.005562175158
-0.015898182922
 0.022250876696
 0.004356051428
 0.002567589213
-0.012478295462
 0.024784449310
 0.077586386821
 0.057607063396
 0.017444333253
 0.005263426720
-0.012598615356
 0.002673978131
-0.019199265383
 0.015019025095
 0.011403190140
-0.002124835800
-0.004630821170
-0.010620977530
 0.016075788562
-0.042780408260
-0.007711515180
-0.006974027480
-0.003387961137
 0.005537087235
 0.002930377530
 0.007325626853
 0.015046577113
 0.001748705513
 0.004093787704
-0.008834755158
 0.008526896844
-0.002041688568
-0.020978613209
 0.002054029151
 0.006687908426
-0.009347405908
 0.006076788304
-0.017610319408
-0.010236891831
-0.001474260163
-0.018537194269
 0.026495339280
