DFT Engrad gradients extracted at MECP
Workflow mode = MECP_ONLY
Run mode = CLUSTER
Engrad method = PBE
Basis = def2-TZVP
Charge = -2
Multiplicities = [3, 5]

Low-spin multiplicity  = 3 (triplet)
High-spin multiplicity = 5 (quintet)

||g_LS||        = 7.197941525389e-03 Eh/Bohr
||g_HS||        = 3.149031513366e-02 Eh/Bohr
gradmean        = 1.505541254659e-02 Eh/Bohr
||g_HS-g_LS||   = 3.865716073432e-02 Eh/Bohr
DeltaF_parallel = 3.865716073432e-02 Eh/Bohr

Remote Engrad files:
  mult 3: Spin_Inversion_Cluster_code/Engrad/Cluster_code_Engrad_triplet.engrad
  mult 5: Spin_Inversion_Cluster_code/Engrad/Cluster_code_Engrad_quintet.engrad

# g_triplet
 0.001547794861
-0.000751701254
 0.001272887016
 0.001020621483
-0.001557485667
-0.001277737933
-0.000801558288
 0.001264688481
 0.001974501673
-0.004519335457
-0.000465352488
 0.000115676455
 0.002144477670
 0.001439709064
-0.002456515269
 0.000382239674
 0.000044639266
 0.000102810739
-0.000083294000
 0.000066517137
-0.000008161159
 0.000097555945
 0.000004319316
 0.000157808330
-0.000097089808
-0.000004767613
-0.000042922308
 0.000097040247
-0.000595520880
 0.000310429763
-0.000088509942
-0.000153832632
-0.000235799906
-0.000108792819
 0.000163994900
-0.000047720226
 0.000041298019
-0.000028929157
 0.000227685964
 0.000616706746
 0.000145123850
 0.000564351529
 0.000212424670
-0.000121953712
 0.000054809487
-0.000140670449
 0.000336266840
-0.000072298111
-0.000060992261
 0.000055813460
-0.000187813965
-0.000343836793
 0.000069301292
-0.000771408815
-0.000038125542
 0.000035795171
 0.000009222800
 0.000141145895
 0.000050239553
 0.000069239171
-0.000019099840
 0.000003135080
 0.000240954781

# g_quintet
-0.006979812798
 0.001535991888
-0.004401734625
-0.003949169394
 0.007764569341
 0.006015743572
 0.002998723357
-0.005967709477
-0.008834688425
 0.020268375588
 0.002865325250
-0.000647958876
-0.009352588409
-0.005999191776
 0.009902012363
-0.001772109904
-0.000318288460
-0.000553479490
 0.000379886465
-0.000381913667
-0.000035831284
-0.000450046829
 0.000025587334
-0.000731703696
 0.000227866478
 0.000053847880
 0.000265644808
-0.000842647362
 0.002290680181
-0.001887582318
 0.000381932829
 0.000579951444
 0.000930336842
 0.000489653788
-0.000573821898
 0.000428275899
-0.000019323678
 0.000184871539
-0.000841430743
-0.002563362983
-0.000505288701
-0.002315357491
-0.000966383216
 0.000270631823
-0.000359644070
 0.000641051667
-0.001291834584
 0.000188850592
 0.000266801704
-0.000021796065
 0.000880789918
 0.001959549507
-0.000534400131
 0.002649019214
-0.000390788081
-0.000065174494
 0.000103356394
-0.000436839015
-0.000143500774
-0.000000851452
 0.000109230297
 0.000231463351
-0.000753767114

# delta_g_cart = g_HS - g_LS
-0.008527607659
 0.002287693142
-0.005674621641
-0.004969790877
 0.009322055008
 0.007293481505
 0.003800281645
-0.007232397958
-0.010809190098
 0.024787711045
 0.003330677738
-0.000763635331
-0.011497066079
-0.007438900840
 0.012358527632
-0.002154349578
-0.000362927726
-0.000656290229
 0.000463180465
-0.000448430804
-0.000027670125
-0.000547602774
 0.000021268018
-0.000889512026
 0.000324956286
 0.000058615493
 0.000308567116
-0.000939687609
 0.002886201061
-0.002198012081
 0.000470442771
 0.000733784076
 0.001166136748
 0.000598446607
-0.000737816798
 0.000475996125
-0.000060621697
 0.000213800696
-0.001069116707
-0.003180069729
-0.000650412551
-0.002879709020
-0.001178807886
 0.000392585535
-0.000414453557
 0.000781722116
-0.001628101424
 0.000261148703
 0.000327793965
-0.000077609525
 0.001068603883
 0.002303386300
-0.000603701423
 0.003420428029
-0.000352662539
-0.000100969665
 0.000094133594
-0.000577984910
-0.000193740327
-0.000070090623
 0.000128330137
 0.000228328271
-0.000994721895

# MECP_seam_normal_cart = delta_g_cart / ||delta_g_cart||
-0.220595809341
 0.059179026564
-0.146793544410
-0.128560680158
 0.241146913817
 0.188670905117
 0.098307314164
-0.187090769747
-0.279616761621
 0.641219131828
 0.086159399054
-0.019754045990
-0.297411032280
-0.192432674793
 0.319695688903
-0.055729638108
-0.009388369945
-0.016977196890
 0.011981750760
-0.011600200208
-0.000715782651
-0.014165623227
 0.000550170204
-0.023010278280
 0.008406108463
 0.001516290692
 0.007982146390
-0.024308241763
 0.074661485897
-0.056859118447
 0.012169615204
 0.018981840934
 0.030166125133
 0.015480873288
-0.019086161114
 0.012313271745
-0.001568188037
 0.005530688026
-0.027656369136
-0.082263406536
-0.016825150597
-0.074493546999
-0.030493907561
 0.010155570858
-0.010721262222
 0.020221922696
-0.042116425342
 0.006755506562
 0.008479514759
-0.002007636451
 0.027643103185
 0.059584983901
-0.015616807120
 0.088481098043
-0.009122825689
-0.002611926564
 0.002435088150
-0.014951561341
-0.005011757804
-0.001813134272
 0.003319698978
 0.005906493562
-0.025731892258
