MECP Cartesian gradient and reaction-coordinate definitions
Workflow mode = MECP_ONLY
Run mode = CLUSTER

Low-spin multiplicity  = 1 (singlet)
High-spin multiplicity = 5 (quintet)

Definitions:
deltaG_NAST = g_LS - g_HS
delta_g_cart = g_HS - g_LS
DELTAF_PARALLEL_EH_PER_BOHR = ||g_LS - g_HS||
CARTESIAN_GRADMEAN_EH_PER_BOHR = sqrt(||g_LS|| * ||g_HS||)
The final reaction-coordinate-projected GRADMEAN_EH_PER_BOHR is calculated later and is not defined in Step 4.

||g_LS|| = 2.821819378017e-02 Eh/Bohr
||g_HS|| = 1.943613242248e-02 Eh/Bohr
g_LS_dot_g_HS = -5.483732639096e-04
intersection_type = peaked
DELTAF_PARALLEL_EH_PER_BOHR = 4.765266237660e-02 Eh/Bohr
cartesian_gradmean_Eh_per_Bohr = 2.341906383771e-02 Eh/Bohr
CARTESIAN_GRADMEAN_EH_PER_BOHR = 2.341906383771e-02 Eh/Bohr
lambda_effhess = 5.921498144228e-01

# g_LS
 0.002269978228
 0.003166845870
 0.006173074645
 0.000724154887
-0.011596675607
 0.003430763166
 0.008805205431
 0.005356765644
 0.005841097449
-0.014702021209
-0.005680983246
-0.004747995844
 0.003948361451
 0.007131200202
-0.010062926433
 0.001589033828
 0.001775006896
 0.001141103539
-0.000356099449
-0.000272071578
-0.000189943923
 0.000471974564
-0.000627020906
-0.000178843281
-0.000076843624
 0.000297124627
-0.000735161421
-0.001807662165
-0.001271265619
-0.000246817027
-0.000205017830
 0.000298631191
-0.000083899260
 0.000372424835
-0.000413088364
-0.000306314936
 0.000026854408
 0.000145878556
 0.000188392566
-0.000465118945
 0.000771507254
 0.000319812447
 0.000104269051
 0.000047330323
-0.000267929692
-0.000095851013
-0.000216419409
-0.000411236741
-0.000050204067
-0.000137969363
 0.000130154889
-0.000426223810
 0.000434918866
 0.000180687341
-0.000140105028
-0.000244450268
 0.000314074844
-0.000043182518
 0.000579277545
 0.000317691657
 0.000056072968
 0.000455457354
-0.000805783976

# g_HS
-0.001723288961
-0.002081126953
-0.004299261055
-0.000490362101
 0.007920212221
-0.002352400720
-0.006027514122
-0.003681341451
-0.003976443512
 0.010203295567
 0.003889062652
 0.003272868777
-0.002727598420
-0.004913602739
 0.006944943341
-0.001084064709
-0.001197020949
-0.000761882168
 0.000249653136
 0.000175234492
 0.000123007070
-0.000322924563
 0.000421652570
 0.000112488026
 0.000052891003
-0.000196872258
 0.000484751168
 0.001267781229
 0.000874902831
 0.000247604117
 0.000136174275
-0.000214545959
 0.000064090988
-0.000260629727
 0.000261633726
 0.000181991838
-0.000031561691
-0.000118232812
-0.000146709720
 0.000313644844
-0.000523464366
-0.000221057222
-0.000071342070
-0.000038275391
 0.000164132044
 0.000073812259
 0.000160015370
 0.000263961224
 0.000025851788
 0.000107675067
-0.000087680586
 0.000180726531
-0.000428226035
-0.000137036077
 0.000162822850
 0.000199075118
-0.000211088611
 0.000068077958
-0.000358822576
-0.000198516230
 0.000004554921
-0.000257932588
 0.000532237314

# deltaG_cart_NAST = g_LS - g_HS
 0.003993267189
 0.005247972823
 0.010472335700
 0.001214516988
-0.019516887828
 0.005783163886
 0.014832719553
 0.009038107095
 0.009817540961
-0.024905316776
-0.009570045898
-0.008020864621
 0.006675959871
 0.012044802941
-0.017007869774
 0.002673098537
 0.002972027845
 0.001902985707
-0.000605752585
-0.000447306070
-0.000312950993
 0.000794899127
-0.001048673476
-0.000291331307
-0.000129734627
 0.000493996885
-0.001219912589
-0.003075443394
-0.002146168450
-0.000494421144
-0.000341192105
 0.000513177150
-0.000147990248
 0.000633054562
-0.000674722090
-0.000488306774
 0.000058416099
 0.000264111368
 0.000335102286
-0.000778763789
 0.001294971620
 0.000540869669
 0.000175611121
 0.000085605714
-0.000432061736
-0.000169663272
-0.000376434779
-0.000675197965
-0.000076055855
-0.000245644430
 0.000217835475
-0.000606950341
 0.000863144901
 0.000317723418
-0.000302927878
-0.000443525386
 0.000525163455
-0.000111260476
 0.000938100121
 0.000516207887
 0.000051518047
 0.000713389942
-0.001338021290

# delta_g_cart = g_HS - g_LS
-0.003993267189
-0.005247972823
-0.010472335700
-0.001214516988
 0.019516887828
-0.005783163886
-0.014832719553
-0.009038107095
-0.009817540961
 0.024905316776
 0.009570045898
 0.008020864621
-0.006675959871
-0.012044802941
 0.017007869774
-0.002673098537
-0.002972027845
-0.001902985707
 0.000605752585
 0.000447306070
 0.000312950993
-0.000794899127
 0.001048673476
 0.000291331307
 0.000129734627
-0.000493996885
 0.001219912589
 0.003075443394
 0.002146168450
 0.000494421144
 0.000341192105
-0.000513177150
 0.000147990248
-0.000633054562
 0.000674722090
 0.000488306774
-0.000058416099
-0.000264111368
-0.000335102286
 0.000778763789
-0.001294971620
-0.000540869669
-0.000175611121
-0.000085605714
 0.000432061736
 0.000169663272
 0.000376434779
 0.000675197965
 0.000076055855
 0.000245644430
-0.000217835475
 0.000606950341
-0.000863144901
-0.000317723418
 0.000302927878
 0.000443525386
-0.000525163455
 0.000111260476
-0.000938100121
-0.000516207887
-0.000051518047
-0.000713389942
 0.001338021290

# n_cart_NAST
 0.083799456103
 0.110129687645
 0.219763916174
 0.025486865317
-0.409565528024
 0.121360771835
 0.311267383882
 0.189666361631
 0.206022926556
-0.522642713626
-0.200829196538
-0.168319338752
 0.140096261952
 0.252762434254
-0.356913316607
 0.056095470928
 0.062368558162
 0.039934509681
-0.012711830878
-0.009386801234
-0.006567334906
 0.016681106309
-0.022006608313
-0.006113641767
-0.002722505324
 0.010366616688
-0.025600093010
-0.064538752729
-0.045037744860
-0.010375519842
-0.007159979904
 0.010769118123
-0.003105602932
 0.013284767953
-0.014159168792
-0.010247208648
 0.001225872723
 0.005542426274
 0.007032183918
-0.016342503234
 0.027175220762
 0.011350250794
 0.003685232099
 0.001796451861
-0.009066896044
-0.003560415380
-0.007899553986
-0.014169155118
-0.001596046290
-0.005154894139
 0.004571318036
-0.012736966010
 0.018113256594
 0.006667485134
-0.006356997970
-0.009307462876
 0.011020652967
-0.002334821822
 0.019686205853
 0.010832718704
 0.001081115817
 0.014970620872
-0.028078626110

# n_cart
-0.083799456103
-0.110129687645
-0.219763916174
-0.025486865317
 0.409565528024
-0.121360771835
-0.311267383882
-0.189666361631
-0.206022926556
 0.522642713626
 0.200829196538
 0.168319338752
-0.140096261952
-0.252762434254
 0.356913316607
-0.056095470928
-0.062368558162
-0.039934509681
 0.012711830878
 0.009386801234
 0.006567334906
-0.016681106309
 0.022006608313
 0.006113641767
 0.002722505324
-0.010366616688
 0.025600093010
 0.064538752729
 0.045037744860
 0.010375519842
 0.007159979904
-0.010769118123
 0.003105602932
-0.013284767953
 0.014159168792
 0.010247208648
-0.001225872723
-0.005542426274
-0.007032183918
 0.016342503234
-0.027175220762
-0.011350250794
-0.003685232099
-0.001796451861
 0.009066896044
 0.003560415380
 0.007899553986
 0.014169155118
 0.001596046290
 0.005154894139
-0.004571318036
 0.012736966010
-0.018113256594
-0.006667485134
 0.006356997970
 0.009307462876
-0.011020652967
 0.002334821822
-0.019686205853
-0.010832718704
-0.001081115817
-0.014970620872
 0.028078626110
