Fe     0.605692915220     0.023701487187    -0.209954890784
S      1.148210540056    -2.119818969619     0.371616715960
S      1.515456781481     1.425577917905     1.355033938173
S     -1.680387944338     0.113447963311    -0.343245230188
S      1.371851387851     0.508531155434    -2.327845249614
C     -2.006141081733     1.669630544414    -1.253314274732
H     -1.230881459699     1.835364553981    -2.014466160744
H     -2.989601691244     1.600762640668    -1.741983886323
H     -2.015887150878     2.528717212123    -0.566447867838
C      0.835581042236    -3.053836477725    -1.169977895008
H      1.210960466223    -4.081500724861    -1.051978685563
H     -0.241848895311    -3.087876361924    -1.384043496139
H      1.342477909765    -2.567959232605    -2.015106844061
C      0.221375558513     2.666727728584     1.714490010406
H     -0.746188539443     2.171717569976     1.871347418370
H      0.499213249700     3.221949912956     2.622804593048
H      0.123630430174     3.380046577543     0.883428635529
C      3.072533783234     1.130939318537    -2.064243226192
H      3.749817400054     0.302902235378    -1.810662308153
H      3.429177152687     1.610548697922    -2.988282456691
H      3.087323185455     1.858041490812    -1.241318749453
