Fe     0.605737040162     0.023703143981    -0.209944893262
S      1.148330983932    -2.119815226902     0.371648929013
S      1.515468755554     1.425641979025     1.355048154321
S     -1.680357207784     0.113571465401    -0.343223175941
S      1.371882588937     0.508540945692    -2.327852500270
C     -2.006081703650     1.669731499084    -1.253334237294
H     -1.230842129960     1.835418667285    -2.014507249864
H     -2.989554220243     1.600882895773    -1.741986089961
H     -2.015790444729     2.528841530294    -0.566506720092
C      0.835576341439    -3.053807730359    -1.169927540784
H      1.211006388604    -4.081463217868    -1.052008656539
H     -0.241876414739    -3.087899109009    -1.383870321537
H      1.342364213128    -2.567885356085    -2.015092578847
C      0.221250526953     2.666614766088     1.714518949536
H     -0.746190348741     2.171463543331     1.871698772544
H      0.499178679420     3.222082125810     2.622657516916
H      0.123175402821     3.379744974921     0.883333549881
C      3.072586302556     1.130903146424    -2.064307701325
H      3.749871875570     0.302831828089    -1.810857824391
H      3.429173597337     1.610601273892    -2.988307317479
H      3.087454813433     1.857912095128    -1.241328974624
