MECP Cartesian gradient and reaction-coordinate definitions
Workflow mode = MECP_ONLY
Run mode = CLUSTER

Low-spin multiplicity  = 1 (singlet)
High-spin multiplicity = 5 (quintet)

Definitions:
deltaG_NAST = g_LS - g_HS
delta_g_cart = g_HS - g_LS
DELTAF_PARALLEL_EH_PER_BOHR = ||g_LS - g_HS||
CARTESIAN_GRADMEAN_EH_PER_BOHR = sqrt(||g_LS|| * ||g_HS||)
The final reaction-coordinate-projected GRADMEAN_EH_PER_BOHR is calculated later and is not defined in Step 4.

||g_LS|| = 2.048430184987e-02 Eh/Bohr
||g_HS|| = 5.016514054898e-02 Eh/Bohr
g_LS_dot_g_HS = -2.320668746113e-04
intersection_type = peaked
DELTAF_PARALLEL_EH_PER_BOHR = 5.831193443711e-02 Eh/Bohr
cartesian_gradmean_Eh_per_Bohr = 3.205616760229e-02 Eh/Bohr
CARTESIAN_GRADMEAN_EH_PER_BOHR = 3.205616760229e-02 Eh/Bohr
lambda_effhess = 1.916527966815e-01

# g_LS
-0.006503578328
 0.001293712494
-0.010260593497
 0.007225858051
-0.005382963949
-0.000777448357
-0.002214716130
 0.001664289034
 0.008738251919
-0.001938223507
 0.004305994706
 0.005205020484
 0.004225497641
 0.002747918129
-0.001164988483
-0.000131395720
-0.002470619821
-0.001727098861
-0.000266034318
 0.000725295783
 0.000018011454
 0.000816939227
-0.000245556961
 0.000254622039
-0.000148582074
-0.000402564322
 0.000262919391
-0.000033495530
 0.001235064904
 0.001038987223
-0.000156072271
 0.000410336351
 0.000017196575
-0.000234625454
-0.000568273051
-0.000325931827
 0.000294304357
-0.000292732707
-0.000138528929
 0.000213167611
-0.001396736167
 0.000012047430
 0.000101094603
 0.000017755151
 0.000658358923
-0.000410914757
 0.000209761045
-0.000136350083
 0.000268511655
 0.000814947069
 0.000131769231
-0.001430404385
-0.001657857775
-0.001853071505
 0.000176219534
-0.000311507648
 0.000357174238
 0.001031919394
-0.000513090056
 0.000006311427
-0.000885469660
-0.000183172245
-0.000316658780

# g_HS
-0.012257896674
 0.005454146705
-0.006248542072
-0.000368188835
 0.016590464538
-0.000344057859
-0.004995273988
-0.010780101080
-0.009981366018
 0.032289659291
-0.004768811518
-0.002153337985
-0.013311944405
-0.007532738230
 0.019655026034
-0.000574815614
 0.000350487790
 0.000026171097
 0.000281693257
-0.000441029145
-0.000168324644
-0.000124985631
 0.000369839100
 0.000295937467
 0.000513522757
 0.000522313773
-0.000116099182
-0.003019746978
 0.003314549002
-0.000911769144
 0.000875907164
 0.000906919631
 0.001770920482
-0.001273043877
 0.000378329316
-0.000277361151
 0.000242059848
-0.000821893516
 0.000454592493
-0.001257979196
-0.000012096301
-0.004265415498
 0.000200108314
 0.000102764433
 0.000765941356
 0.000725573512
-0.001862152987
-0.000421520149
-0.000003758989
 0.000778284415
-0.000775366133
 0.002920425897
-0.003625151055
 0.003200733196
 0.000521860102
 0.000714538285
-0.001037786114
-0.000901621250
 0.000426519422
 0.000313268702
-0.000481554769
-0.000065182616
 0.000218355137

# deltaG_cart_NAST = g_LS - g_HS
 0.005754318346
-0.004160434211
-0.004012051425
 0.007594046886
-0.021973428487
-0.000433390498
 0.002780557858
 0.012444390114
 0.018719617937
-0.034227882798
 0.009074806224
 0.007358358469
 0.017537442046
 0.010280656359
-0.020820014517
 0.000443419894
-0.002821107611
-0.001753269958
-0.000547727575
 0.001166324928
 0.000186336098
 0.000941924858
-0.000615396061
-0.000041315428
-0.000662104831
-0.000924878095
 0.000379018573
 0.002986251448
-0.002079484098
 0.001950756367
-0.001031979435
-0.000496583280
-0.001753723907
 0.001038418423
-0.000946602367
-0.000048570676
 0.000052244509
 0.000529160809
-0.000593121422
 0.001471146807
-0.001384639866
 0.004277462928
-0.000099013711
-0.000085009282
-0.000107582433
-0.001136488269
 0.002071914032
 0.000285170066
 0.000272270644
 0.000036662654
 0.000907135364
-0.004350830282
 0.001967293280
-0.005053804701
-0.000345640568
-0.001026045933
 0.001394960352
 0.001933540644
-0.000939609478
-0.000306957275
-0.000403914891
-0.000117989629
-0.000535013917

# delta_g_cart = g_HS - g_LS
-0.005754318346
 0.004160434211
 0.004012051425
-0.007594046886
 0.021973428487
 0.000433390498
-0.002780557858
-0.012444390114
-0.018719617937
 0.034227882798
-0.009074806224
-0.007358358469
-0.017537442046
-0.010280656359
 0.020820014517
-0.000443419894
 0.002821107611
 0.001753269958
 0.000547727575
-0.001166324928
-0.000186336098
-0.000941924858
 0.000615396061
 0.000041315428
 0.000662104831
 0.000924878095
-0.000379018573
-0.002986251448
 0.002079484098
-0.001950756367
 0.001031979435
 0.000496583280
 0.001753723907
-0.001038418423
 0.000946602367
 0.000048570676
-0.000052244509
-0.000529160809
 0.000593121422
-0.001471146807
 0.001384639866
-0.004277462928
 0.000099013711
 0.000085009282
 0.000107582433
 0.001136488269
-0.002071914032
-0.000285170066
-0.000272270644
-0.000036662654
-0.000907135364
 0.004350830282
-0.001967293280
 0.005053804701
 0.000345640568
 0.001026045933
-0.001394960352
-0.001933540644
 0.000939609478
 0.000306957275
 0.000403914891
 0.000117989629
 0.000535013917

# n_cart_NAST
 0.098681657564
-0.071347902469
-0.068803264096
 0.130231434771
-0.376825579517
-0.007432277838
 0.047684198524
 0.213410689152
 0.321025500486
-0.586979031452
 0.155625195967
 0.126189579201
 0.300752191044
 0.176304498526
-0.357045512518
 0.007604273435
-0.048379592244
-0.030067086179
-0.009393061305
 0.020001478930
 0.003195505342
 0.016153208894
-0.010553518194
-0.000708524394
-0.011354533808
-0.015860871431
 0.006499845643
 0.051211668363
-0.035661380780
 0.033453809856
-0.017697568173
-0.008515980216
-0.030074871018
 0.017807991332
-0.016233424189
-0.000832945716
 0.000895948823
 0.009074657085
-0.010171527111
 0.025228914479
-0.023745394135
 0.073354845270
-0.001698000794
-0.001457836767
-0.001844947077
-0.019489805646
 0.035531560597
 0.004890423697
 0.004669209599
 0.000628733283
 0.015556598709
-0.074613032889
 0.033737403826
-0.086668445315
-0.005927441292
-0.017595813668
 0.023922381678
 0.033158574873
-0.016113502100
-0.005264055771
-0.006926796288
-0.002023421623
-0.009175032901

# n_cart
-0.098681657564
 0.071347902469
 0.068803264096
-0.130231434771
 0.376825579517
 0.007432277838
-0.047684198524
-0.213410689152
-0.321025500486
 0.586979031452
-0.155625195967
-0.126189579201
-0.300752191044
-0.176304498526
 0.357045512518
-0.007604273435
 0.048379592244
 0.030067086179
 0.009393061305
-0.020001478930
-0.003195505342
-0.016153208894
 0.010553518194
 0.000708524394
 0.011354533808
 0.015860871431
-0.006499845643
-0.051211668363
 0.035661380780
-0.033453809856
 0.017697568173
 0.008515980216
 0.030074871018
-0.017807991332
 0.016233424189
 0.000832945716
-0.000895948823
-0.009074657085
 0.010171527111
-0.025228914479
 0.023745394135
-0.073354845270
 0.001698000794
 0.001457836767
 0.001844947077
 0.019489805646
-0.035531560597
-0.004890423697
-0.004669209599
-0.000628733283
-0.015556598709
 0.074613032889
-0.033737403826
 0.086668445315
 0.005927441292
 0.017595813668
-0.023922381678
-0.033158574873
 0.016113502100
 0.005264055771
 0.006926796288
 0.002023421623
 0.009175032901
