Linear Cartesian interpolation scan
jobname = Rubredoxin_zero_singlet_quintet
charge = 0
multiplicities = [1, 5]
method = PBE
basis = def2-TZVP
n_interp = 10

index  lambda      E_mult_a_Eh        E_mult_b_Eh        gap_cm1        abs_gap_cm1      gap_kcal
    1    0.000000  -3015.216970088406  -3015.192967504603    -5267.957479     5267.957479      -15.061849
    2    0.111111  -3015.216603829344  -3015.196339622394    -4447.478715     4447.478715      -12.715982
    3    0.222222  -3015.215605909708  -3015.199516358714    -3531.247769     3531.247769      -10.096346
    4    0.333333  -3015.214126951715  -3015.202412769458    -2570.965465     2570.965465       -7.350760
    5    0.444444  -3015.212277586484  -3015.205066586020    -1582.631442     1582.631442       -4.524971
    6    0.555556  -3015.210111174272  -3015.207481439957     -577.159887      577.159887       -1.650183
    7    0.666667  -3015.207613403587  -3015.209599381373      435.871680      435.871680        1.246220
    8    0.777778  -3015.204722289265  -3015.211316423502     1447.244974     1447.244974        4.137882
    9    0.888889  -3015.201332429918  -3015.212487024496     2448.150183     2448.150183        6.999614
   10    1.000000  -3015.197290558192  -3015.212919932527     3430.250680     3430.250680        9.807580
