Linear Cartesian interpolation scan
jobname = Sing_Q_Zero
charge = 0
multiplicities = [1, 5]
method = PBE
basis = def2-TZVP
n_interp = 10

index  lambda      E_mult_a_Eh        E_mult_b_Eh        gap_cm1        abs_gap_cm1      gap_kcal
    1    0.000000  -3015.216970088371  -3015.192967504187    -5267.957563     5267.957563      -15.061849
    2    0.111111  -3015.216603829760  -3015.196339621973    -4447.478898     4447.478898      -12.715982
    3    0.222222  -3015.215605910914  -3015.199516359109    -3531.247947     3531.247947      -10.096346
    4    0.333333  -3015.214126953653  -3015.202412770721    -2570.965613     2570.965613       -7.350761
    5    0.444444  -3015.212277588878  -3015.205066587890    -1582.631557     1582.631557       -4.524971
    6    0.555556  -3015.210111176745  -3015.207481442039     -577.159973      577.159973       -1.650183
    7    0.666667  -3015.207613405735  -3015.209599383196      435.871609      435.871609        1.246220
    8    0.777778  -3015.204722290824  -3015.211316424748     1447.244905     1447.244905        4.137882
    9    0.888889  -3015.201332430857  -3015.212487025014     2448.150091     2448.150091        6.999614
   10    1.000000  -3015.197290558793  -3015.212919932506     3430.250544     3430.250544        9.807580
