Step 6 effective-Hessian projected MECP frequencies

[REAL_CM-1]
34.211097783846
43.681400418322
56.732183984384
59.617844953181
72.931034648508
84.665773012123
89.052512950908
96.916684200584
109.220462648359
117.014638713261
161.592798722411
180.766625277904
193.018964220271
217.328804507288
223.872443130686
259.681379142503
272.143338600145
356.543097926887
368.636046961008
412.159994094061
420.986307048582
429.997434055677
444.027679983722
452.991375160447
465.182068951678
468.262553217071
523.702199659646
563.176413028886
582.150153973765
655.368109316023
669.603670934770
675.226975604360
749.795304691073
751.877110051643
770.726866359761
790.951976189030
819.845159175959
887.293954579563
899.026278582816
974.462755524234
979.391783836417
997.230575744657
1000.856086875633
1033.353958441880
1037.257688396280
1072.953223837187
1089.325871601765
1097.826872641242
1133.466128867891
1151.725462326526
1185.867695201747
1193.492985197401
1295.020797540084
1295.561380734538
1306.403383674210
1337.667435446896
1347.537927020387
1467.792395100673
1482.309277307060
1486.327664542080
1511.012068209104
1592.427939935020
1610.703332528900
1639.199253664969
1645.273612115504
1672.304724573737
1990.879134425943
2094.803080569196
3189.709173682371
3190.994602842863
3205.128187877179
3206.980736299628
3211.921671001685
3219.282615110350
3221.108336384552
3224.146756130879

[IMAG_CM-1]
-11.984029823841

[ZERO_CM-1]
0.000000000000
0.000000000000
0.000000000000
0.000000000000
0.000000000000
0.000000000000
0.000000000000
