DFT Engrad gradients extracted at MECP
Workflow mode = MECP_ONLY
Run mode = CLUSTER
Engrad method = PBE
Basis = def2-TZVP
Charge = -2
Multiplicities = [1, 5]

Low-spin multiplicity  = 1 (singlet)
High-spin multiplicity = 5 (quintet)

||g_LS||        = 2.048431433721e-02 Eh/Bohr
||g_HS||        = 5.016514215094e-02 Eh/Bohr
CARTESIAN_GEOMETRIC_MEAN_GRADIENT_EH_PER_BOHR = 3.205617788494e-02 Eh/Bohr
||g_LS-g_HS|| = 5.831193210368e-02 Eh/Bohr
GRADIENT_GAP_NORM_EH_PER_BOHR = 5.831193210368e-02 Eh/Bohr

Remote Engrad files:
  mult 1: /home/barzinmehrh/Spin_Inversion_Rubredoxin_minus2_singlet_quintet/Engrad/Rubredoxin_minus2_singlet_quintet_Engrad_singlet.engrad
  mult 5: /home/barzinmehrh/Spin_Inversion_Rubredoxin_minus2_singlet_quintet/Engrad/Rubredoxin_minus2_singlet_quintet_Engrad_quintet.engrad

# g_singlet
-0.006503589109
 0.001293735112
-0.010260602440
 0.007225845542
-0.005382977288
-0.000777450554
-0.002214718325
 0.001664284342
 0.008738267196
-0.001938215944
 0.004305983573
 0.005205013772
 0.004225502658
 0.002747915240
-0.001164994514
-0.000131392513
-0.002470620316
-0.001727100680
-0.000266030629
 0.000725300998
 0.000018018525
 0.000816942584
-0.000245558977
 0.000254622478
-0.000148584866
-0.000402570015
 0.000262922099
-0.000033501250
 0.001235071217
 0.001038988246
-0.000156068429
 0.000410335931
 0.000017196930
-0.000234616151
-0.000568267061
-0.000325927679
 0.000294304239
-0.000292734928
-0.000138526534
 0.000213173037
-0.001396732074
 0.000012047192
 0.000101090753
 0.000017755249
 0.000658359503
-0.000410915109
 0.000209757965
-0.000136351484
 0.000268512440
 0.000814945713
 0.000131768669
-0.001430411449
-0.001657858547
-0.001853074867
 0.000176219679
-0.000311512656
 0.000357179009
 0.001031920432
-0.000513088757
 0.000006306321
-0.000885467577
-0.000183164717
-0.000316661174

# g_quintet
-0.012257907259
 0.005454144596
-0.006248555302
-0.000368188538
 0.016590450339
-0.000344060985
-0.004995274874
-0.010780094294
-0.009981362852
 0.032289664801
-0.004768811810
-0.002153344070
-0.013311939107
-0.007532734900
 0.019655031407
-0.000574815237
 0.000350488153
 0.000026172204
 0.000281696933
-0.000441023585
-0.000168318064
-0.000124982684
 0.000369838480
 0.000295935325
 0.000513520070
 0.000522308208
-0.000116094883
-0.003019756119
 0.003314555842
-0.000911764484
 0.000875910663
 0.000906919561
 0.001770920779
-0.001273036302
 0.000378334729
-0.000277358343
 0.000242060235
-0.000821895307
 0.000454595358
-0.001257979358
-0.000012092246
-0.004265415013
 0.000200106057
 0.000102764127
 0.000765942326
 0.000725573242
-0.001862155245
-0.000421519795
-0.000003757494
 0.000778279909
-0.000775366589
 0.002920420654
-0.003625156293
 0.003200728818
 0.000521859482
 0.000714533850
-0.001037781219
-0.000901619384
 0.000426520781
 0.000313261935
-0.000481555765
-0.000065174892
 0.000218353458

# surface_gradient_difference_cart = g_LS - g_HS
 0.005754318150
-0.004160409484
-0.004012047138
 0.007594034080
-0.021973427627
-0.000433389569
 0.002780556549
 0.012444378636
 0.018719630048
-0.034227880745
 0.009074795383
 0.007358357842
 0.017537441765
 0.010280650140
-0.020820025921
 0.000443422724
-0.002821108469
-0.001753272884
-0.000547727562
 0.001166324583
 0.000186336589
 0.000941925268
-0.000615397457
-0.000041312847
-0.000662104936
-0.000924878223
 0.000379016982
 0.002986254869
-0.002079484625
 0.001950752730
-0.001031979092
-0.000496583630
-0.001753723849
 0.001038420151
-0.000946601790
-0.000048569336
 0.000052244004
 0.000529160379
-0.000593121892
 0.001471152395
-0.001384639828
 0.004277462205
-0.000099015304
-0.000085008878
-0.000107582823
-0.001136488351
 0.002071913210
 0.000285168311
 0.000272269934
 0.000036665804
 0.000907135258
-0.004350832103
 0.001967297746
-0.005053803685
-0.000345639803
-0.001026046506
 0.001394960228
 0.001933539816
-0.000939609538
-0.000306955614
-0.000403911812
-0.000117989825
-0.000535014632

# reverse_surface_gradient_difference_cart = g_HS - g_LS
-0.005754318150
 0.004160409484
 0.004012047138
-0.007594034080
 0.021973427627
 0.000433389569
-0.002780556549
-0.012444378636
-0.018719630048
 0.034227880745
-0.009074795383
-0.007358357842
-0.017537441765
-0.010280650140
 0.020820025921
-0.000443422724
 0.002821108469
 0.001753272884
 0.000547727562
-0.001166324583
-0.000186336589
-0.000941925268
 0.000615397457
 0.000041312847
 0.000662104936
 0.000924878223
-0.000379016982
-0.002986254869
 0.002079484625
-0.001950752730
 0.001031979092
 0.000496583630
 0.001753723849
-0.001038420151
 0.000946601790
 0.000048569336
-0.000052244004
-0.000529160379
 0.000593121892
-0.001471152395
 0.001384639828
-0.004277462205
 0.000099015304
 0.000085008878
 0.000107582823
 0.001136488351
-0.002071913210
-0.000285168311
-0.000272269934
-0.000036665804
-0.000907135258
 0.004350832103
-0.001967297746
 0.005053803685
 0.000345639803
 0.001026046506
-0.001394960228
-0.001933539816
 0.000939609538
 0.000306955614
 0.000403911812
 0.000117989825
 0.000535014632

# gradient_difference_unit_vector
 0.098681658151
-0.071347481277
-0.068803193330
 0.130231220370
-0.376825579848
-0.007432262204
 0.047684177984
 0.213410500854
 0.321025721026
-0.586979019734
 0.155625016281
 0.126189573498
 0.300752198261
 0.176304398930
-0.357045722374
 0.007604322272
-0.048379608893
-0.030067137561
-0.009393061458
 0.020001473814
 0.003195513890
 0.016153216572
-0.010553542556
-0.000708480160
-0.011354536063
-0.015860874261
 0.006499818619
 0.051211729080
-0.035661391245
 0.033453748823
-0.017697562999
-0.008515986559
-0.030074871227
 0.017808021678
-0.016233414944
-0.000832922770
 0.000895940198
 0.009074650074
-0.010171535578
 0.025229011318
-0.023745394434
 0.073354835806
-0.001698028181
-0.001457829897
-0.001844953839
-0.019489807832
 0.035531547923
 0.004890393796
 0.004669197610
 0.000628787328
 0.015556597514
-0.074613067104
 0.033737481764
-0.086668431360
-0.005927428410
-0.017595824199
 0.023922380509
 0.033158562000
-0.016113503774
-0.005264027497
-0.006926743763
-0.002023425065
-0.009175045530

# MECP_seam_normal_cart = normalized(g_HS - g_LS)
-0.098681658151
 0.071347481277
 0.068803193330
-0.130231220370
 0.376825579848
 0.007432262204
-0.047684177984
-0.213410500854
-0.321025721026
 0.586979019734
-0.155625016281
-0.126189573498
-0.300752198261
-0.176304398930
 0.357045722374
-0.007604322272
 0.048379608893
 0.030067137561
 0.009393061458
-0.020001473814
-0.003195513890
-0.016153216572
 0.010553542556
 0.000708480160
 0.011354536063
 0.015860874261
-0.006499818619
-0.051211729080
 0.035661391245
-0.033453748823
 0.017697562999
 0.008515986559
 0.030074871227
-0.017808021678
 0.016233414944
 0.000832922770
-0.000895940198
-0.009074650074
 0.010171535578
-0.025229011318
 0.023745394434
-0.073354835806
 0.001698028181
 0.001457829897
 0.001844953839
 0.019489807832
-0.035531547923
-0.004890393796
-0.004669197610
-0.000628787328
-0.015556597514
 0.074613067104
-0.033737481764
 0.086668431360
 0.005927428410
 0.017595824199
-0.023922380509
-0.033158562000
 0.016113503774
 0.005264027497
 0.006926743763
 0.002023425065
 0.009175045530
