Linear Cartesian interpolation scan
jobname = Rubredoxin_minus1_doublet_sextet
charge = -1
multiplicities = [2, 6]
method = PBE
basis = def2-TZVP
n_interp = 10

index  lambda      E_mult_a_Eh        E_mult_b_Eh        gap_cm1        abs_gap_cm1      gap_kcal
    1    0.000000  -3015.295303245398  -3015.265608468089    -6517.249372     6517.249372      -18.633754
    2    0.111111  -3015.292656848356  -3015.269007927928    -5190.337351     5190.337351      -14.839922
    3    0.222222  -3015.286435221365  -3015.269916161380    -3625.514083     3625.514083      -10.365867
    4    0.333333  -3015.279228675636  -3015.270467109844    -1922.941148     1922.941148       -5.497966
    5    0.444444  -3015.273215467854  -3015.272438874087     -170.442606      170.442606       -0.487320
    6    0.555556  -3015.269641989740  -3015.276785903175     1567.907544     1567.907544        4.482873
    7    0.666667  -3015.268561536233  -3015.283372084765     3250.539215     3250.539215        9.293760
    8    0.777778  -3015.268886864066  -3015.290957830941     4844.016626     4844.016626       13.849741
    9    0.888889  -3015.268644945010  -3015.297372242291     6304.912080     6304.912080       18.026651
   10    1.000000  -3015.265801716045  -3015.300082882111     7523.845210     7523.845210       21.511756
