Linear Cartesian interpolation scan
jobname = D_S_negative_1
charge = -1
multiplicities = [2, 6]
method = PBE
basis = def2-TZVP
n_interp = 10

index  lambda      E_mult_a_Eh        E_mult_b_Eh        gap_cm1        abs_gap_cm1      gap_kcal
    1    0.000000  -3015.295303300909  -3015.265607440221    -6517.487146     6517.487146      -18.634434
    2    0.111111  -3015.292649588114  -3015.268998413956    -5190.831988     5190.831988      -14.841336
    3    0.222222  -3015.286410379717  -3015.269889109549    -3625.999162     3625.999162      -10.367254
    4    0.333333  -3015.279184574959  -3015.270421695676    -1923.229425     1923.229425       -5.498790
    5    0.444444  -3015.273158132992  -3015.272381782786     -170.389151      170.389151       -0.487167
    6    0.555556  -3015.269584102701  -3015.276729117835     1568.149339     1568.149339        4.483565
    7    0.666667  -3015.268515623384  -3015.283327444368     3250.818486     3250.818486        9.294558
    8    0.777778  -3015.268860015829  -3015.290932279114     4844.301156     4844.301156       13.850554
    9    0.888889  -3015.268635578074  -3015.297364352411     6305.236256     6305.236256       18.027578
   10    1.000000  -3015.265799837517  -3015.300082874372     7524.255801     7524.255801       21.512930
