Linear Cartesian interpolation scan
jobname = Rubredoxin_minus2_triplet_quintet
charge = -2
multiplicities = [3, 5]
method = PBE
basis = def2-TZVP
n_interp = 10

index  lambda      E_mult_a_Eh        E_mult_b_Eh        gap_cm1        abs_gap_cm1      gap_kcal
    1    0.000000  -3015.202537971722  -3015.180577823558    -4819.694734     4819.694734      -13.780201
    2    0.111111  -3015.194989571623  -3015.176145337758    -4135.830690     4135.830690      -11.824935
    3    0.222222  -3015.176527582450  -3015.162757275305    -3022.232653     3022.232653       -8.640998
    4    0.333333  -3015.155494558393  -3015.148235283133    -1593.226534     1593.226534       -4.555264
    5    0.444444  -3015.140995017908  -3015.141110305206       25.302634       25.302634        0.072344
    6    0.555556  -3015.139117546782  -3015.146980541018     1725.727515     1725.727515        4.934103
    7    0.666667  -3015.149998850589  -3015.165266715829     3350.908616     3350.908616        9.580730
    8    0.777778  -3015.167566179806  -3015.189342684268     4779.389606     4779.389606       13.664963
    9    0.888889  -3015.182511130763  -3015.209755677609     5979.486021     5979.486021       17.096211
   10    1.000000  -3015.186393702151  -3015.217981099906     6932.631487     6932.631487       19.821391
