Linear Cartesian interpolation scan
jobname = Cluster_code
charge = -2
multiplicities = [3, 5]
method = PBE
basis = def2-TZVP
n_interp = 10

index  lambda      E_mult_a_Eh        E_mult_b_Eh        gap_cm1        abs_gap_cm1      gap_kcal
    1    0.000000  -3015.202537971599  -3015.180577953387    -4819.666213     4819.666213      -13.780119
    2    0.111111  -3015.194992009529  -3015.176147863940    -4135.811315     4135.811315      -11.824880
    3    0.222222  -3015.176536483189  -3015.162766111733    -3022.246767     3022.246767       -8.641039
    4    0.333333  -3015.155511348953  -3015.148251779071    -1593.291196     1593.291196       -4.555449
    5    0.444444  -3015.141017351124  -3015.141132098030       25.184031       25.184031        0.072005
    6    0.555556  -3015.139140095016  -3015.147002391495     1725.574375     1725.574375        4.933666
    7    0.666667  -3015.150016189935  -3015.165283391089     3350.762866     3350.762866        9.580313
    8    0.777778  -3015.167575747046  -3015.189351712608     4779.271331     4779.271331       13.664625
    9    0.888889  -3015.182514061052  -3015.209758227306     5979.402491     5979.402491       17.095972
   10    1.000000  -3015.186393932402  -3015.217981101701     6932.581347     6932.581347       19.821248
