DFT Engrad gradients extracted at MECP
Workflow mode = MECP_ONLY
Run mode = CLUSTER
Engrad method = B3LYP D3
Basis = def2-TZVP
Charge = 0
Multiplicities = [1, 3]

Low-spin multiplicity  = 1 (singlet)
High-spin multiplicity = 3 (triplet)

||g_LS||        = 7.249066960571e-02 Eh/Bohr
||g_HS||        = 7.273648157640e-03 Eh/Bohr
CARTESIAN_GEOMETRIC_MEAN_GRADIENT_EH_PER_BOHR = 2.296239589903e-02 Eh/Bohr
||g_LS-g_HS|| = 6.522215371870e-02 Eh/Bohr
GRADIENT_GAP_NORM_EH_PER_BOHR = 6.522215371870e-02 Eh/Bohr

Remote Engrad files:
  mult 1: /home/barzinmehrh/Spin_Inversion_Mn_br_CO5_zero_singlet_triplet/Engrad/Mn_br_CO5_zero_singlet_triplet_Engrad_singlet.engrad
  mult 3: /home/barzinmehrh/Spin_Inversion_Mn_br_CO5_zero_singlet_triplet/Engrad/Mn_br_CO5_zero_singlet_triplet_Engrad_triplet.engrad

# g_singlet
-0.046278291815
 0.000000108163
-0.000002056251
 0.000254750924
 0.001607630552
-0.000000808248
 0.014048117980
-0.000000162874
-0.020084919528
 0.014047765529
-0.000000148502
 0.020089223848
 0.000254762749
-0.001607596624
-0.000000764920
 0.039650756245
-0.000000045686
-0.000001203049
-0.010018364770
 0.000000004370
 0.000000353905
-0.000249629127
-0.004441829697
 0.000000177107
-0.008648880889
 0.000000154300
-0.002911301438
-0.000249591694
 0.004441887910
 0.000000174276
-0.008648742004
 0.000000153494
 0.002911054364
 0.005249691996
 0.000000046993
 0.000000133998

# g_triplet
-0.004635384790
 0.000000080601
-0.000000818436
-0.000006047927
 0.000217105558
-0.000000089145
 0.001304150339
-0.000000017122
-0.002124224550
 0.001304323382
-0.000000013305
 0.002125250650
-0.000006014756
-0.000217038338
-0.000000058874
 0.003916953689
-0.000000022679
-0.000000074527
-0.001045400272
-0.000000003799
 0.000000019104
-0.000075067819
-0.000442980314
 0.000000047941
-0.000899094049
 0.000000023909
-0.000299781608
-0.000075029525
 0.000443011208
 0.000000048812
-0.000899153100
 0.000000026007
 0.000299691850
 0.000508025531
 0.000000026581
 0.000000065272

# surface_gradient_difference_cart = g_LS - g_HS
-0.041642907025
 0.000000027562
-0.000001237815
 0.000260798851
 0.001390524994
-0.000000719103
 0.012743967641
-0.000000145752
-0.017960694978
 0.012743442147
-0.000000135197
 0.017963973198
 0.000260777505
-0.001390558286
-0.000000706046
 0.035733802556
-0.000000023007
-0.000001128522
-0.008972964498
 0.000000008169
 0.000000334801
-0.000174561308
-0.003998849383
 0.000000129166
-0.007749786840
 0.000000130391
-0.002611519830
-0.000174562169
 0.003998876702
 0.000000125464
-0.007749588904
 0.000000127487
 0.002611362514
 0.004741666465
 0.000000020412
 0.000000068726

# reverse_surface_gradient_difference_cart = g_HS - g_LS
 0.041642907025
-0.000000027562
 0.000001237815
-0.000260798851
-0.001390524994
 0.000000719103
-0.012743967641
 0.000000145752
 0.017960694978
-0.012743442147
 0.000000135197
-0.017963973198
-0.000260777505
 0.001390558286
 0.000000706046
-0.035733802556
 0.000000023007
 0.000001128522
 0.008972964498
-0.000000008169
-0.000000334801
 0.000174561308
 0.003998849383
-0.000000129166
 0.007749786840
-0.000000130391
 0.002611519830
 0.000174562169
-0.003998876702
-0.000000125464
 0.007749588904
-0.000000127487
-0.002611362514
-0.004741666465
-0.000000020412
-0.000000068726

# gradient_difference_unit_vector
-0.638477950370
 0.000000422586
-0.000018978444
 0.003998623721
 0.021319826389
-0.000011025441
 0.195393235494
-0.000002234701
-0.275377213937
 0.195385178508
-0.000002072869
 0.275427476306
 0.003998296440
-0.021320336829
-0.000010825248
 0.547878297765
-0.000000352748
-0.000017302740
-0.137575409372
 0.000000125249
 0.000005133240
-0.002676411281
-0.061311213368
 0.000001980401
-0.118821388104
 0.000001999183
-0.040040380164
-0.002676424482
 0.061311632229
 0.000001923641
-0.118818353307
 0.000001954658
 0.040037968161
 0.072700243624
 0.000000312961
 0.000001053722

# MECP_seam_normal_cart = normalized(g_HS - g_LS)
 0.638477950370
-0.000000422586
 0.000018978444
-0.003998623721
-0.021319826389
 0.000011025441
-0.195393235494
 0.000002234701
 0.275377213937
-0.195385178508
 0.000002072869
-0.275427476306
-0.003998296440
 0.021320336829
 0.000010825248
-0.547878297765
 0.000000352748
 0.000017302740
 0.137575409372
-0.000000125249
-0.000005133240
 0.002676411281
 0.061311213368
-0.000001980401
 0.118821388104
-0.000001999183
 0.040040380164
 0.002676424482
-0.061311632229
-0.000001923641
 0.118818353307
-0.000001954658
-0.040037968161
-0.072700243624
-0.000000312961
-0.000001053722
