DFT Engrad gradients extracted at MECP
Workflow mode = MECP_ONLY
Run mode = CLUSTER
Engrad method = PBE
Basis = def2-TZVP
Charge = -1
Multiplicities = [4, 6]

Low-spin multiplicity  = 4 (quartet)
High-spin multiplicity = 6 (sextet)

||g_LS||        = 2.053052249206e-02 Eh/Bohr
||g_HS||        = 1.358297345347e-02 Eh/Bohr
CARTESIAN_GEOMETRIC_MEAN_GRADIENT_EH_PER_BOHR = 1.669926770836e-02 Eh/Bohr
||g_LS-g_HS|| = 3.411179688459e-02 Eh/Bohr
GRADIENT_GAP_NORM_EH_PER_BOHR = 3.411179688459e-02 Eh/Bohr

Remote Engrad files:
  mult 4: /home/barzinmehrh/Spin_Inversion_Rubredoxin_minus1_quartet_sextet/Engrad/Rubredoxin_minus1_quartet_sextet_Engrad_quartet.engrad
  mult 6: /home/barzinmehrh/Spin_Inversion_Rubredoxin_minus1_quartet_sextet/Engrad/Rubredoxin_minus1_quartet_sextet_Engrad_sextet.engrad

# g_quartet
 0.000506305415
-0.003923674015
 0.004011236586
 0.003200383968
-0.007527339295
-0.000475621214
 0.000889312703
 0.006889008611
 0.005950471962
-0.009451849633
 0.000818789109
-0.001163947647
 0.005837069724
 0.002879675627
-0.009836297316
-0.000892111793
 0.000101314475
 0.000913965649
 0.000237008360
-0.000019238807
 0.000273504881
 0.000146762842
 0.000205531498
 0.000179817159
-0.000173092231
 0.000072889375
-0.000062124448
 0.000713374682
 0.000815992457
-0.000600270121
 0.000108773708
 0.000467215002
 0.000265378148
-0.000005526636
 0.000270748656
 0.000043326782
 0.000008066087
-0.000167144352
-0.000006297248
-0.001133779620
-0.000521520470
 0.000744857876
 0.000127096569
 0.000171171574
 0.000062622054
-0.000073901252
-0.000331693433
 0.000057742625
 0.000027789783
-0.000305640557
-0.000220634914
-0.000286305104
 0.000477232109
-0.001105749120
-0.000060920621
 0.000030171155
-0.000019301677
 0.000281935767
-0.000178014124
 0.000356875127
-0.000006392729
-0.000225474591
 0.000630444844

# g_sextet
-0.000227277390
 0.002529063507
-0.002598430765
-0.002194306216
 0.005045518456
 0.000248666638
-0.000644101169
-0.004530554291
-0.003941537680
 0.006222077577
-0.000537626464
 0.000764781566
-0.003878926108
-0.001872059559
 0.006529904918
 0.000596725660
-0.000120682420
-0.000606870787
-0.000153450570
 0.000039758962
-0.000174955914
-0.000092646578
-0.000135633784
-0.000117350459
 0.000117223309
-0.000031101472
 0.000033600818
-0.000467949441
-0.000588986740
 0.000395033068
-0.000072775169
-0.000304350196
-0.000203290017
 0.000003927510
-0.000160741668
-0.000016717073
 0.000000775107
 0.000099693627
-0.000004024860
 0.000639944882
 0.000350660469
-0.000501797562
 0.000005155565
-0.000160701405
-0.000033308953
 0.000063738156
 0.000236352716
-0.000050616980
 0.000007056904
 0.000229345631
 0.000167398594
 0.000232162954
-0.000330249777
 0.000733822539
 0.000047114728
-0.000005441117
 0.000025456099
-0.000208975966
 0.000109197140
-0.000237699560
 0.000004506243
 0.000138538390
-0.000412063644

# surface_gradient_difference_cart = g_LS - g_HS
 0.000733582805
-0.006452737522
 0.006609667351
 0.005394690184
-0.012572857751
-0.000724287852
 0.001533413872
 0.011419562902
 0.009892009642
-0.015673927210
 0.001356415573
-0.001928729213
 0.009715995832
 0.004751735186
-0.016366202234
-0.001488837453
 0.000221996895
 0.001520836436
 0.000390458930
-0.000058997769
 0.000448460795
 0.000239409420
 0.000341165282
 0.000297167618
-0.000290315540
 0.000103990847
-0.000095725266
 0.001181324123
 0.001404979197
-0.000995303189
 0.000181548877
 0.000771565198
 0.000468668165
-0.000009454146
 0.000431490324
 0.000060043855
 0.000007290980
-0.000266837979
-0.000002272388
-0.001773724502
-0.000872180939
 0.001246655438
 0.000121941004
 0.000331872979
 0.000095931007
-0.000137639408
-0.000568046149
 0.000108359605
 0.000020732879
-0.000534986188
-0.000388033508
-0.000518468058
 0.000807481886
-0.001839571659
-0.000108035349
 0.000035612272
-0.000044757776
 0.000490911733
-0.000287211264
 0.000594574687
-0.000010898972
-0.000364012981
 0.001042508488

# reverse_surface_gradient_difference_cart = g_HS - g_LS
-0.000733582805
 0.006452737522
-0.006609667351
-0.005394690184
 0.012572857751
 0.000724287852
-0.001533413872
-0.011419562902
-0.009892009642
 0.015673927210
-0.001356415573
 0.001928729213
-0.009715995832
-0.004751735186
 0.016366202234
 0.001488837453
-0.000221996895
-0.001520836436
-0.000390458930
 0.000058997769
-0.000448460795
-0.000239409420
-0.000341165282
-0.000297167618
 0.000290315540
-0.000103990847
 0.000095725266
-0.001181324123
-0.001404979197
 0.000995303189
-0.000181548877
-0.000771565198
-0.000468668165
 0.000009454146
-0.000431490324
-0.000060043855
-0.000007290980
 0.000266837979
 0.000002272388
 0.001773724502
 0.000872180939
-0.001246655438
-0.000121941004
-0.000331872979
-0.000095931007
 0.000137639408
 0.000568046149
-0.000108359605
-0.000020732879
 0.000534986188
 0.000388033508
 0.000518468058
-0.000807481886
 0.001839571659
 0.000108035349
-0.000035612272
 0.000044757776
-0.000490911733
 0.000287211264
-0.000594574687
 0.000010898972
 0.000364012981
-0.001042508488

# gradient_difference_unit_vector
 0.021505252493
-0.189164397989
 0.193764854234
 0.158147347155
-0.368577996449
-0.021232767492
 0.044952597402
 0.334768729441
 0.289987938058
-0.459486999850
 0.039763826502
-0.056541413504
 0.284828027819
 0.139298882497
-0.479781299395
-0.043645823116
 0.006507921460
 0.044583885192
 0.011446448609
-0.001729541519
 0.013146794832
 0.007018376101
 0.010001387003
 0.008711579135
-0.008510707923
 0.003048530318
-0.002806221740
 0.034630955590
 0.041187487184
-0.029177682793
 0.005322172784
 0.022618720456
 0.013739181392
-0.000277151803
 0.012649299169
 0.001760207919
 0.000213737788
-0.007822454499
-0.000066615899
-0.051997392808
-0.025568308288
 0.036546167363
 0.003574745840
 0.009728979688
 0.002812253114
-0.004034950386
-0.016652483917
 0.003176602082
 0.000607792051
-0.015683318877
-0.011375346462
-0.015199083758
 0.023671631510
-0.053927726681
-0.003167096397
 0.001043986986
-0.001312090833
 0.014391259852
-0.008419704918
 0.017430177865
-0.000319507414
-0.010671175788
 0.030561523673

# MECP_seam_normal_cart = normalized(g_HS - g_LS)
-0.021505252493
 0.189164397989
-0.193764854234
-0.158147347155
 0.368577996449
 0.021232767492
-0.044952597402
-0.334768729441
-0.289987938058
 0.459486999850
-0.039763826502
 0.056541413504
-0.284828027819
-0.139298882497
 0.479781299395
 0.043645823116
-0.006507921460
-0.044583885192
-0.011446448609
 0.001729541519
-0.013146794832
-0.007018376101
-0.010001387003
-0.008711579135
 0.008510707923
-0.003048530318
 0.002806221740
-0.034630955590
-0.041187487184
 0.029177682793
-0.005322172784
-0.022618720456
-0.013739181392
 0.000277151803
-0.012649299169
-0.001760207919
-0.000213737788
 0.007822454499
 0.000066615899
 0.051997392808
 0.025568308288
-0.036546167363
-0.003574745840
-0.009728979688
-0.002812253114
 0.004034950386
 0.016652483917
-0.003176602082
-0.000607792051
 0.015683318877
 0.011375346462
 0.015199083758
-0.023671631510
 0.053927726681
 0.003167096397
-0.001043986986
 0.001312090833
-0.014391259852
 0.008419704918
-0.017430177865
 0.000319507414
 0.010671175788
-0.030561523673
