DFT Engrad gradients extracted at MECP
Workflow mode = MECP_ONLY
Run mode = CLUSTER
Engrad method = PBE
Basis = def2-TZVP
Charge = -1
Multiplicities = [4, 6]

Low-spin multiplicity  = 4 (quartet)
High-spin multiplicity = 6 (sextet)

||g_LS||        = 2.050455171215e-02 Eh/Bohr
||g_HS||        = 1.362161885142e-02 Eh/Bohr
gradmean        = 1.671242615966e-02 Eh/Bohr
||g_HS-g_LS||   = 3.412465442745e-02 Eh/Bohr
DeltaF_parallel = 3.412465442745e-02 Eh/Bohr

Remote Engrad files:
  mult 4: Spin_Inversion_Qu_sex_nagative_1/Engrad/Qu_sex_nagative_1_Engrad_quartet.engrad
  mult 6: Spin_Inversion_Qu_sex_nagative_1/Engrad/Qu_sex_nagative_1_Engrad_sextet.engrad

# g_quartet
 0.000526386200
-0.003914634616
 0.004000001646
 0.003177570049
-0.007524581306
-0.000465058926
 0.000902347097
 0.006872086402
 0.005937135974
-0.009445252295
 0.000832579301
-0.001142078969
 0.005824803228
 0.002857214944
-0.009841190484
-0.000887280005
 0.000105990476
 0.000914916188
 0.000237349782
-0.000019265145
 0.000272176853
 0.000147083539
 0.000203833377
 0.000178269830
-0.000172703900
 0.000072376919
-0.000063817282
 0.000718920177
 0.000817080423
-0.000606759878
 0.000107978244
 0.000466298930
 0.000265546774
-0.000004877678
 0.000270185795
 0.000044553080
 0.000009952581
-0.000165534590
-0.000007747006
-0.001122253359
-0.000516262098
 0.000734997519
 0.000099987851
 0.000177854893
 0.000068040112
-0.000069184864
-0.000330275758
 0.000065777994
 0.000026971923
-0.000315037136
-0.000218262242
-0.000295911187
 0.000481060351
-0.001100602341
-0.000060821466
 0.000031255947
-0.000025524980
 0.000289080478
-0.000180084998
 0.000357730382
-0.000010146362
-0.000222142124
 0.000631895777

# g_sextet
-0.000215911488
 0.002517420421
-0.002633834675
-0.002184907880
 0.005066617040
 0.000263875551
-0.000652496320
-0.004545600793
-0.003936147224
 0.006229712225
-0.000533163554
 0.000766795299
-0.003891095565
-0.001878600608
 0.006560312773
 0.000595967704
-0.000119158396
-0.000603987843
-0.000154423636
 0.000038350577
-0.000175877495
-0.000092095650
-0.000136863121
-0.000118479864
 0.000118180762
-0.000030943604
 0.000031978448
-0.000478999539
-0.000585460405
 0.000391309873
-0.000074350918
-0.000303931669
-0.000201680556
 0.000004899685
-0.000163052403
-0.000017572600
 0.000004101886
 0.000101926381
-0.000004180843
 0.000658282801
 0.000356118165
-0.000524273217
-0.000020445747
-0.000156411373
-0.000027612257
 0.000068501953
 0.000237298704
-0.000041062783
 0.000006679073
 0.000222646096
 0.000168701336
 0.000231430769
-0.000329831238
 0.000728346127
 0.000049971805
-0.000004790853
 0.000020909468
-0.000200181134
 0.000106712201
-0.000234850766
-0.000002820752
 0.000140718417
-0.000412668732

# delta_g_cart = g_HS - g_LS
-0.000742297688
 0.006432055037
-0.006633836321
-0.005362477929
 0.012591198346
 0.000728934477
-0.001554843417
-0.011417687195
-0.009873283198
 0.015674964520
-0.001365742855
 0.001908874268
-0.009715898793
-0.004735815552
 0.016401503257
 0.001483247709
-0.000225148872
-0.001518904031
-0.000391773418
 0.000057615722
-0.000448054348
-0.000239179189
-0.000340696498
-0.000296749694
 0.000290884662
-0.000103320523
 0.000095795730
-0.001197919716
-0.001402540828
 0.000998069751
-0.000182329162
-0.000770230599
-0.000467227330
 0.000009777363
-0.000433238198
-0.000062125680
-0.000005850695
 0.000267460971
 0.000003566163
 0.001780536160
 0.000872380263
-0.001259270736
-0.000120433598
-0.000334266266
-0.000095652369
 0.000137686817
 0.000567574462
-0.000106840777
-0.000020292850
 0.000537683232
 0.000386963578
 0.000527341956
-0.000810891589
 0.001828948468
 0.000110793271
-0.000036046800
 0.000046434448
-0.000489261612
 0.000286797199
-0.000592581148
 0.000007325610
 0.000362860541
-0.001044564509

# MECP_seam_normal_cart = delta_g_cart / ||delta_g_cart||
-0.021752533482
 0.188487038035
-0.194400102574
-0.157143801717
 0.368976581807
 0.021360933590
-0.045563638463
-0.334587628404
-0.289329910109
 0.459344271261
-0.040022173936
 0.055938273956
-0.284717866188
-0.138779883092
 0.480634999304
 0.043465574491
-0.006597835957
-0.044510458977
-0.011480655982
 0.001688389904
-0.013129930706
-0.007008984941
-0.009983881265
-0.008696049791
 0.008524178981
-0.003027738295
 0.002807229307
-0.035104229950
-0.041100513735
 0.029247761413
-0.005343033213
-0.022571088614
-0.013691782022
 0.000286519033
-0.012695753415
-0.001820551183
-0.000171450674
 0.007837763502
 0.000104504003
 0.052177412193
 0.025564515675
-0.036902080245
-0.003529225424
-0.009795447649
-0.002803028210
 0.004034819379
 0.016632387097
-0.003130896966
-0.000594668293
 0.015756444747
 0.011339706863
 0.015453400623
-0.023762631523
 0.053596102252
 0.003246722139
-0.001056327181
 0.001360730205
-0.014337481806
 0.008404398632
-0.017365191178
 0.000214672064
 0.010633383607
-0.030610258962
