Fe    -2.194140000000     0.908790000000     0.480980000000
Ni     0.557150000000    -0.078790000000     0.176460000000
S     -1.384480000000    -1.220990000000     0.531750000000
S     -0.791960000000     0.992900000000    -1.339250000000
C     -1.331550000000    -1.917630000000     2.224940000000
H     -0.553690000000    -2.694550000000     2.233290000000
C     -0.190230000000     2.691860000000    -1.641960000000
H      0.391200000000     2.687590000000    -2.576100000000
H      0.443520000000     3.001690000000    -0.800180000000
H     -1.047580000000     3.372640000000    -1.717550000000
C     -3.691960000000     0.620840000000    -0.242000000000
O     -4.731790000000     0.409290000000    -0.750370000000
C     -2.896870000000     0.788400000000     2.235800000000
N     -3.316920000000     0.685140000000     3.332790000000
C     -2.464860000000     2.786140000000     0.476160000000
N     -2.646660000000     3.950350000000     0.431730000000
S      2.020760000000    -1.710230000000    -0.310420000000
S      2.038210000000     1.394770000000     0.989020000000
C      1.130230000000    -2.999450000000    -1.255880000000
H      0.914480000000    -2.663070000000    -2.282110000000
H      0.173080000000    -3.246450000000    -0.774070000000
H      1.753570000000    -3.908080000000    -1.308760000000
C      3.312280000000     1.612450000000    -0.305270000000
H      4.185790000000     2.136780000000     0.116190000000
H      2.921970000000     2.206210000000    -1.148350000000
H      3.626650000000     0.631090000000    -0.690180000000
H     -1.106470000000    -1.140620000000     2.962910000000
H     -2.310480000000    -2.354990000000     2.467090000000
