Linear Cartesian interpolation scan
jobname = Rubredoxin_minus1_quartet_sextet
charge = -1
multiplicities = [4, 6]
method = PBE
basis = def2-TZVP
n_interp = 10

index  lambda      E_mult_a_Eh        E_mult_b_Eh        gap_cm1        abs_gap_cm1      gap_kcal
    1    0.000000  -3015.304216609091  -3015.275981174349    -6196.960746     6196.960746      -17.718003
    2    0.111111  -3015.299931166820  -3015.274000314063    -5691.163537     5691.163537      -16.271856
    3    0.222222  -3015.289785698922  -3015.267562697009    -4877.384456     4877.384456      -13.945144
    4    0.333333  -3015.278305686649  -3015.261125815020    -3770.545454     3770.545454      -10.780532
    5    0.444444  -3015.269718317404  -3015.258683815548    -2421.792881     2421.792881       -6.924254
    6    0.555556  -3015.266612296175  -3015.262475852506     -907.844320      907.844320       -2.595658
    7    0.666667  -3015.269012834063  -3015.272105313340      678.720652      678.720652        1.940560
    8    0.777778  -3015.274432206631  -3015.284628333266     2237.790815     2237.790815        6.398166
    9    0.888889  -3015.278834734350  -3015.295531579849     3664.533487     3664.533487       10.477429
   10    1.000000  -3015.278048275004  -3015.300082882111     4836.036581     4836.036581       13.826925
