Linear Cartesian interpolation scan
jobname = Qu_sex_nagative_1
charge = -1
multiplicities = [4, 6]
method = PBE
basis = def2-TZVP
n_interp = 10

index  lambda      E_mult_a_Eh        E_mult_b_Eh        gap_cm1        abs_gap_cm1      gap_kcal
    1    0.000000  -3015.304216609183  -3015.275981181909    -6196.959107     6196.959107      -17.717998
    2    0.111111  -3015.299931899811  -3015.274001569066    -5691.048968     5691.048968      -16.271528
    3    0.222222  -3015.289788139813  -3015.267566206374    -4877.149953     4877.149953      -13.944474
    4    0.333333  -3015.278309913942  -3015.261131648625    -3770.192909     3770.192909      -10.779524
    5    0.444444  -3015.269723467320  -3015.258691023435    -2421.341209     2421.341209       -6.922963
    6    0.555556  -3015.266616988757  -3015.262482859698     -907.336322      907.336322       -2.594205
    7    0.666667  -3015.269015911702  -3015.272110666760      679.220128      679.220128        1.941988
    8    0.777778  -3015.274433264507  -3015.284631279933     2238.205356     2238.205356        6.399351
    9    0.888889  -3015.278834430700  -3015.295532451987     3664.791543     3664.791543       10.478167
   10    1.000000  -3015.278048003576  -3015.300082874372     4836.094454     4836.094454       13.827090
