Linear Cartesian interpolation scan
jobname = Cobalt_INT2
charge = 1
multiplicities = [1, 3]
method = B3lyp D3
basis = def2-TZVP
n_interp = 10

index  lambda      E_mult_a_Eh        E_mult_b_Eh        gap_cm1        abs_gap_cm1      gap_kcal
    1    0.000000  -1611.464804269770  -1611.462107988561     -591.765240      591.765240       -1.691942
    2    0.111111  -1611.412561128720  -1611.412040411597     -114.284182      114.284182       -0.326755
    3    0.222222  -1611.229490418276  -1611.235854262996     1396.702274     1396.702274        3.993373
    4    0.333333  -1610.907902394154  -1610.925341779566     3827.502138     3827.502138       10.943380
    5    0.444444  -1610.592632463623  -1610.623226168664     6714.541176     6714.541176       19.197840
    6    0.555556  -1610.580776698264  -1610.621584363409     8956.245985     8956.245985       25.607196
    7    0.666667  -1610.881568367049  -1610.929390394343    10495.720312    10495.720312       30.008775
    8    0.777778  -1611.198205209124  -1611.252361253786    11885.876240    11885.876240       33.983431
    9    0.888889  -1611.378957941346  -1611.437100960537    12760.915880    12760.915880       36.485295
   10    1.000000  -1611.431101601864  -1611.489775493132    12877.428816    12877.428816       36.818423
