Linear Cartesian interpolation scan
jobname = Cobalt_acetate_plus1_singlet_triplet
charge = 1
multiplicities = [1, 3]
method = B3LYP D3
basis = def2-TZVP
n_interp = 10

index  lambda      E_mult_a_Eh        E_mult_b_Eh        gap_cm1        abs_gap_cm1      gap_kcal
    1    0.000000  -1611.464804341104  -1611.462105563201     -592.313201      592.313201       -1.693509
    2    0.111111  -1611.412541919839  -1611.412018549308     -114.866538      114.866538       -0.328420
    3    0.222222  -1611.229403624555  -1611.235765503492     1396.270835     1396.270835        3.992139
    4    0.333333  -1610.907704818103  -1610.925143037185     3827.246158     3827.246158       10.942648
    5    0.444444  -1610.592339551894  -1610.622932832694     6714.448066     6714.448066       19.197574
    6    0.555556  -1610.580499905740  -1610.621306412842     8955.991824     8955.991824       25.606470
    7    0.666667  -1610.881399009365  -1610.929223591159    10496.280959    10496.280959       30.010378
    8    0.777778  -1611.198135551591  -1611.252293875672    11886.376514    11886.376514       33.984861
    9    0.888889  -1611.378944432976  -1611.437088406064    12761.125236    12761.125236       36.485894
   10    1.000000  -1611.431104021983  -1611.489775484170    12876.895695    12876.895695       36.816898
