Linear Cartesian interpolation scan
jobname = Mn_br_CO5_zero_singlet_triplet
charge = 0
multiplicities = [1, 3]
method = B3LYP D3
basis = def2-TZVP
n_interp = 10

index  lambda      E_mult_a_Eh        E_mult_b_Eh        gap_cm1        abs_gap_cm1      gap_kcal
    1    0.000000  -4291.759595985207  -4291.663655171556   -21056.571700    21056.571700      -60.203770
    2    0.111111  -4291.758254831987  -4291.668117164909   -19782.928427    19782.928427      -56.562240
    3    0.222222  -4291.754739075130  -4291.672310972886   -18090.874769    18090.874769      -51.724415
    4    0.333333  -4291.749672072784  -4291.676473934592   -16065.132101    16065.132101      -45.932525
    5    0.444444  -4291.743562930938  -4291.680252962866   -13894.929919    13894.929919      -39.727605
    6    0.555556  -4291.737062193736  -4291.683640371551   -11724.733055    11724.733055      -33.522700
    7    0.666667  -4291.733491619365  -4291.689588677355    -9635.580637     9635.580637      -27.549512
    8    0.777778  -4291.726554431361  -4291.691615388713    -7668.232410     7668.232410      -21.924580
    9    0.888889  -4291.719195492318  -4291.692582479112    -5840.880428     5840.880428      -16.699918
   10    1.000000  -4291.711839685337  -4291.692886987113    -4159.635862     4159.635862      -11.892998
