Linear Cartesian interpolation scan
jobname = Mn_CO
charge = 0
multiplicities = [1, 3]
method = B3LYP D3
basis = def2-TZVP
n_interp = 10

index  lambda      E_mult_a_Eh        E_mult_b_Eh        gap_cm1        abs_gap_cm1      gap_kcal
    1    0.000000  -4291.759595940992  -4291.663655146913   -21056.567404    21056.567404      -60.203757
    2    0.111111  -4291.758254737793  -4291.668119713488   -19782.348405    19782.348405      -56.560582
    3    0.222222  -4291.754738772920  -4291.672315504476   -18089.813873    18089.813873      -51.721382
    4    0.333333  -4291.749671615811  -4291.676479200436   -16063.876087    16063.876087      -45.928934
    5    0.444444  -4291.743562425511  -4291.680257963959   -13893.721377    13893.721377      -39.724149
    6    0.555556  -4291.737063032485  -4291.683645963588   -11723.689829    11723.689829      -33.519717
    7    0.666667  -4291.733494035143  -4291.689594477763    -9634.837796     9634.837796      -27.547388
    8    0.777778  -4291.726554363839  -4291.691617284110    -7667.801599     7667.801599      -21.923349
    9    0.888889  -4291.719195823430  -4291.692583267884    -5840.779983     5840.779983      -16.699631
   10    1.000000  -4291.711840557361  -4291.692886909925    -4159.844190     4159.844190      -11.893593
