MECP Cartesian gradient and reaction-coordinate definitions
Workflow mode = MECP_ONLY
Run mode = CLUSTER

Low-spin multiplicity  = 1 (singlet)
High-spin multiplicity = 3 (triplet)

Definitions:
deltaG_NAST = g_LS - g_HS
delta_g_cart = g_HS - g_LS
DELTAF_PARALLEL_EH_PER_BOHR = ||g_LS - g_HS||
CARTESIAN_GRADMEAN_EH_PER_BOHR = sqrt(||g_LS|| * ||g_HS||)
The final reaction-coordinate-projected GRADMEAN_EH_PER_BOHR is calculated later and is not defined in Step 4.

||g_LS|| = 3.280519856262e-02 Eh/Bohr
||g_HS|| = 5.943833041803e-03 Eh/Bohr
g_LS_dot_g_HS = -1.923312402828e-04
intersection_type = peaked
DELTAF_PARALLEL_EH_PER_BOHR = 3.868039147330e-02 Eh/Bohr
cartesian_gradmean_Eh_per_Bohr = 1.396383268159e-02 Eh/Bohr
CARTESIAN_GRADMEAN_EH_PER_BOHR = 1.396383268159e-02 Eh/Bohr
lambda_effhess = 8.478381580777e-01

# g_LS
-0.002934405898
-0.000789899286
 0.006669018861
 0.012789211129
 0.008836442480
 0.004301368459
-0.002789571929
-0.000090309196
 0.008418600576
-0.007300043398
-0.001974168326
-0.019682569489
-0.004982876579
-0.001475250434
-0.000126659575
 0.000157597933
 0.000174086315
-0.000254037141
 0.003229200567
-0.001863916339
 0.002751951160
-0.000118568428
 0.000057758073
 0.000042026326
 0.000052295744
 0.001038149691
-0.000634825351
-0.000111679891
-0.000860990311
-0.000216902165
 0.003703200526
 0.002023067758
-0.001550686004
 0.000649428058
-0.000335974357
 0.001369037676
-0.002290935839
-0.000463899534
-0.000524529486
 0.000639335914
 0.000224838183
-0.000067452080
-0.000808767744
-0.000441447198
-0.001188617404
 0.000156579053
-0.000134998177
 0.000320451760
-0.001002393558
-0.002880684334
-0.007642569236
-0.000052307075
-0.000037945590
 0.008885777293
 0.001326046750
 0.000551263623
-0.000894615567
 0.000313306596
-0.000499327237
-0.000023024052
-0.000435728129
 0.000087383103
 0.000349263730
 0.000173703464
-0.000100225533
-0.000385957710
 0.000774241989
-0.000250117191
-0.000840009051
-0.000353725667
 0.000097577342
-0.000236214169
-0.000417301574
-0.000443773843
 0.000012680822
-0.000648385178
 0.000673863461
-0.000025782075
 0.000040141169
-0.000174139832
-0.000423729760
 0.000242402046
-0.000947363280
 0.001598003672

# g_HS
 0.000290457533
-0.000053625924
-0.001085210082
-0.002172060917
-0.001746619472
-0.000623651726
 0.000267074169
 0.000042194897
-0.001718100313
 0.001476511551
 0.000499621465
 0.003478892359
 0.001000824429
 0.000301483134
 0.000037831207
-0.000046491436
-0.000042252527
 0.000037956062
-0.000608776422
 0.000374228599
-0.000546013221
-0.000004654716
-0.000011122371
 0.000053337067
-0.000057326288
-0.000182813527
 0.000054977762
 0.000073553012
 0.000117320117
 0.000047544543
-0.000612097511
-0.000374377548
 0.000169895394
-0.000032889485
 0.000066139416
-0.000170562805
 0.000451035998
 0.000147114145
 0.000118454965
-0.000116781751
-0.000053073701
-0.000010287892
 0.000172596193
 0.000138075009
 0.000280703803
-0.000031096903
 0.000000404018
-0.000072890625
 0.000204497841
 0.000663302162
 0.001486902666
-0.000239499053
 0.000023313490
-0.001497602580
 0.000114349418
 0.000103405889
 0.000105399223
-0.000096936242
-0.000030090777
 0.000042049933
-0.000215603922
-0.000147251793
-0.000008855159
-0.000112884631
-0.000047567432
 0.000000779193
 0.000123319841
-0.000072813809
 0.000252555096
 0.000052393986
-0.000023735965
-0.000066002294
 0.000071655859
 0.000160783011
-0.000174239214
 0.000122092523
-0.000054649307
 0.000014416144
-0.000026905681
 0.000036215325
 0.000070068865
-0.000046357346
 0.000166393505
-0.000278348351

# deltaG_cart_NAST = g_LS - g_HS
-0.003224863431
-0.000736273362
 0.007754228943
 0.014961272046
 0.010583061952
 0.004925020185
-0.003056646098
-0.000132504093
 0.010136700889
-0.008776554949
-0.002473789791
-0.023161461848
-0.005983701008
-0.001776733568
-0.000164490782
 0.000204089369
 0.000216338842
-0.000291993203
 0.003837976989
-0.002238144938
 0.003297964381
-0.000113913712
 0.000068880444
-0.000011310741
 0.000109622032
 0.001220963218
-0.000689803113
-0.000185232903
-0.000978310428
-0.000264446708
 0.004315298037
 0.002397445306
-0.001720581398
 0.000682317543
-0.000402113773
 0.001539600481
-0.002741971837
-0.000611013679
-0.000642984451
 0.000756117665
 0.000277911884
-0.000057164188
-0.000981363937
-0.000579522207
-0.001469321207
 0.000187675956
-0.000135402195
 0.000393342385
-0.001206891399
-0.003543986496
-0.009129471902
 0.000187191978
-0.000061259080
 0.010383379873
 0.001211697332
 0.000447857734
-0.001000014790
 0.000410242838
-0.000469236460
-0.000065073985
-0.000220124207
 0.000234634896
 0.000358118889
 0.000286588095
-0.000052658101
-0.000386736903
 0.000650922148
-0.000177303382
-0.001092564147
-0.000406119653
 0.000121313307
-0.000170211875
-0.000488957433
-0.000604556854
 0.000186920036
-0.000770477701
 0.000728512768
-0.000040198219
 0.000067046850
-0.000210355157
-0.000493798625
 0.000288759392
-0.001113756785
 0.001876352023

# delta_g_cart = g_HS - g_LS
 0.003224863431
 0.000736273362
-0.007754228943
-0.014961272046
-0.010583061952
-0.004925020185
 0.003056646098
 0.000132504093
-0.010136700889
 0.008776554949
 0.002473789791
 0.023161461848
 0.005983701008
 0.001776733568
 0.000164490782
-0.000204089369
-0.000216338842
 0.000291993203
-0.003837976989
 0.002238144938
-0.003297964381
 0.000113913712
-0.000068880444
 0.000011310741
-0.000109622032
-0.001220963218
 0.000689803113
 0.000185232903
 0.000978310428
 0.000264446708
-0.004315298037
-0.002397445306
 0.001720581398
-0.000682317543
 0.000402113773
-0.001539600481
 0.002741971837
 0.000611013679
 0.000642984451
-0.000756117665
-0.000277911884
 0.000057164188
 0.000981363937
 0.000579522207
 0.001469321207
-0.000187675956
 0.000135402195
-0.000393342385
 0.001206891399
 0.003543986496
 0.009129471902
-0.000187191978
 0.000061259080
-0.010383379873
-0.001211697332
-0.000447857734
 0.001000014790
-0.000410242838
 0.000469236460
 0.000065073985
 0.000220124207
-0.000234634896
-0.000358118889
-0.000286588095
 0.000052658101
 0.000386736903
-0.000650922148
 0.000177303382
 0.001092564147
 0.000406119653
-0.000121313307
 0.000170211875
 0.000488957433
 0.000604556854
-0.000186920036
 0.000770477701
-0.000728512768
 0.000040198219
-0.000067046850
 0.000210355157
 0.000493798625
-0.000288759392
 0.001113756785
-0.001876352023

# n_cart_NAST
-0.083372047391
-0.019034796029
 0.200469246759
 0.386792156856
 0.273602762250
 0.127326017070
-0.079023142775
-0.003425614063
 0.262063037702
-0.226899331023
-0.063954621367
-0.598790781732
-0.154695978507
-0.045933701814
-0.004252562493
 0.005276300503
 0.005592984811
-0.007548868868
 0.099222806254
-0.057862520330
 0.085261918388
-0.002944998943
 0.001780758709
-0.000292415370
 0.002834046602
 0.031565430739
-0.017833405680
-0.004788806316
-0.025292154261
-0.006836712296
 0.111562935964
 0.061980895608
-0.044482005804
 0.017639882044
-0.010395804119
 0.039803125624
-0.070887902954
-0.015796470918
-0.016623007847
 0.019547828659
 0.007184826043
-0.001477859603
-0.025371096300
-0.014982325280
-0.037986203113
 0.004851966303
-0.003500538382
 0.010169038368
-0.031201633516
-0.091622301663
-0.236023255046
 0.004839454071
-0.001583724406
 0.268440402941
 0.031325880785
 0.011578417822
-0.025853274797
 0.010605963962
-0.012131119726
-0.001682350734
-0.005690847445
 0.006065990727
 0.009258409115
 0.007409131192
-0.001361364221
-0.009998267553
 0.016828220274
-0.004583805263
-0.028245943368
-0.010499367704
 0.003136299876
-0.004400469295
-0.012640963919
-0.015629543316
 0.004832423584
-0.019919077125
 0.018834162227
-0.001039240232
 0.001733355001
-0.005438289247
-0.012766122735
 0.007465265500
-0.028793834358
 0.048509127016

# n_cart
 0.083372047391
 0.019034796029
-0.200469246759
-0.386792156856
-0.273602762250
-0.127326017070
 0.079023142775
 0.003425614063
-0.262063037702
 0.226899331023
 0.063954621367
 0.598790781732
 0.154695978507
 0.045933701814
 0.004252562493
-0.005276300503
-0.005592984811
 0.007548868868
-0.099222806254
 0.057862520330
-0.085261918388
 0.002944998943
-0.001780758709
 0.000292415370
-0.002834046602
-0.031565430739
 0.017833405680
 0.004788806316
 0.025292154261
 0.006836712296
-0.111562935964
-0.061980895608
 0.044482005804
-0.017639882044
 0.010395804119
-0.039803125624
 0.070887902954
 0.015796470918
 0.016623007847
-0.019547828659
-0.007184826043
 0.001477859603
 0.025371096300
 0.014982325280
 0.037986203113
-0.004851966303
 0.003500538382
-0.010169038368
 0.031201633516
 0.091622301663
 0.236023255046
-0.004839454071
 0.001583724406
-0.268440402941
-0.031325880785
-0.011578417822
 0.025853274797
-0.010605963962
 0.012131119726
 0.001682350734
 0.005690847445
-0.006065990727
-0.009258409115
-0.007409131192
 0.001361364221
 0.009998267553
-0.016828220274
 0.004583805263
 0.028245943368
 0.010499367704
-0.003136299876
 0.004400469295
 0.012640963919
 0.015629543316
-0.004832423584
 0.019919077125
-0.018834162227
 0.001039240232
-0.001733355001
 0.005438289247
 0.012766122735
-0.007465265500
 0.028793834358
-0.048509127016
