Fe     0.671002525818     0.013151872580    -0.207565358823
S      1.069490769751    -2.046167984572     0.320506281356
S      1.774167392889     0.945242603898     1.418270593454
S     -1.458517156369    -0.119244341312    -0.627165730332
S      1.207092046169     1.130328631430    -1.991444284349
C     -2.054802303698     1.215447402429    -1.657593251411
H     -1.569985494920     1.182091080671    -2.606271297978
H     -3.132999835423     1.092909081033    -1.793278495467
H     -1.862859949132     2.156791606569    -1.199931668796
C      0.431109691261    -3.084190173269    -1.033405570265
H      0.718900134647    -4.114076713412    -0.815166668899
H     -0.659083914975    -3.010929562915    -1.083620257390
H      0.856179910885    -2.780635213241    -1.990223271402
C      0.866715288947     2.481368880137     1.737748793120
H     -0.167157917419     2.266865097336     1.990424778372
H      1.347914707781     2.985785820205     2.585032643006
H      0.901091087749     3.127187709686     0.863439431589
C      2.845574888493     1.816279612783    -1.831407925734
H      3.534731010918     1.057329750189    -1.548893778118
H      3.135978830856     2.238234984254    -2.801314581586
H      2.847823325773     2.583845095520    -1.092290290343
