Step 6 effective-Hessian projected MECP frequencies

[REAL_CM-1]
82.020986453504
106.922339292259
144.731474728820
356.498808320243
365.275947426853
460.480252829438
507.173807423228
664.595801573363
699.530607139396
725.467815095935
753.941923977243
1165.228283356030
1372.993344009985
1433.420589753793
2119.113475592264
2906.426281852991
3105.303685847452
3187.408230212452
3693.082788624042

[IMAG_CM-1]
-25.759434929320

[ZERO_CM-1]
0.000000000000
0.000000000000
0.000000000000
0.000000000000
0.000000000000
0.000000000000
0.000000000000
