Step 6 reaction-coordinate vectors

# reaction_direction_hessian_cart
 7.403509662016e-02
-2.428595393245e-01
-4.121078946592e-02
-1.696303177202e-01
 2.067248370759e-01
-1.977100480914e-02
 1.585773016259e-02
 3.525285674965e-01
-2.864585048809e-01
-4.652346897019e-02
 2.653453679114e-01
-1.767997575284e-01
-1.716397112555e-02
 1.348304873151e-02
 4.945145532063e-02
 2.756102435991e-01
 1.137269119075e-01
-7.432869147322e-02
-6.657619090920e-02
 3.856064438203e-01
 4.048935260596e-01
-3.423345544732e-01
-1.205286717307e-01
-5.920786229168e-02
 5.849826020381e-03
 3.316788266366e-02
-2.751785872643e-02

# reaction_direction_hessian_mw
 1.166658532659e-01
-3.827024839910e-01
-6.494071239575e-02
-7.743731252696e-02
 9.437119514294e-02
-9.025588697551e-03
 7.239154079721e-03
 1.609315199240e-01
-1.307701186120e-01
-2.123825772953e-02
 1.211318380976e-01
-8.071020712819e-02
-5.991206594097e-02
 4.706354367405e-02
 1.726138333824e-01
 5.012545235037e-01
 2.068360315397e-01
-1.351821773405e-01
-3.039245207802e-02
 1.760317796007e-01
 1.848364545855e-01
-5.394570240776e-01
-1.899312754680e-01
-9.330082744063e-02
 1.063912471516e-02
 6.032268976324e-02
-5.004694667235e-02

# n_cart = g_HS - g_LS normalized
 1.107247266768e-01
-3.629357072120e-01
-6.154238552369e-02
-2.127057412522e-02
 2.593570909247e-02
-2.475994909673e-03
 1.994389133442e-03
 4.422641981665e-02
-3.592964192244e-02
-5.830561389494e-03
 3.329375348874e-02
-2.217073253205e-02
-1.259150597143e-01
 9.921607710766e-02
 3.628146024714e-01
 5.487002194843e-01
 2.265581679868e-01
-1.479283280217e-01
-8.352804429276e-03
 4.837836699660e-02
 5.079390151498e-02
-5.116834459253e-01
-1.801451194906e-01
-8.851418636773e-02
 1.167079296646e-02
 6.600494707028e-02
-5.484365186072e-02

# n_cart_NAST = g_LS - g_HS normalized
-1.107247266768e-01
 3.629357072120e-01
 6.154238552369e-02
 2.127057412522e-02
-2.593570909247e-02
 2.475994909673e-03
-1.994389133442e-03
-4.422641981665e-02
 3.592964192244e-02
 5.830561389494e-03
-3.329375348874e-02
 2.217073253205e-02
 1.259150597143e-01
-9.921607710766e-02
-3.628146024714e-01
-5.487002194843e-01
-2.265581679868e-01
 1.479283280217e-01
 8.352804429276e-03
-4.837836699660e-02
-5.079390151498e-02
 5.116834459253e-01
 1.801451194906e-01
 8.851418636773e-02
-1.167079296646e-02
-6.600494707028e-02
 5.484365186072e-02
