Step 6 reaction-coordinate vectors

# reaction_direction_hessian_cart
 7.431808961581e-02
-2.426278526877e-01
-4.123214926332e-02
-1.692013833269e-01
 2.074490157560e-01
-2.003210643359e-02
 1.530077286246e-02
 3.537509122188e-01
-2.852773004625e-01
-4.638865489366e-02
 2.640642941137e-01
-1.770769771518e-01
-1.723676564038e-02
 1.351764357378e-02
 4.940222062605e-02
 2.756544766904e-01
 1.133143341938e-01
-7.445875349631e-02
-6.594726124445e-02
 3.860414501593e-01
 4.051292019701e-01
-3.423749880418e-01
-1.203673598849e-01
-5.875471151100e-02
 5.851584890111e-03
 3.308865783235e-02
-2.758595104092e-02

# reaction_direction_hessian_mw
 1.171399061246e-01
-3.824291506145e-01
-6.498996568657e-02
-7.726003956238e-02
 9.472451613187e-02
-9.146978027874e-03
 6.986575957269e-03
 1.615282862106e-01
-1.302621473100e-01
-2.118179675520e-02
 1.205759516211e-01
-8.085616081463e-02
-6.018060053067e-02
 4.719562387761e-02
 1.724833629959e-01
 5.014552931599e-01
 2.061351346606e-01
-1.354512232527e-01
-3.011256712324e-02
 1.762726588021e-01
 1.849884295072e-01
-5.396502273669e-01
-1.897226006518e-01
-9.260896541285e-02
 1.064487778958e-02
 6.019304606550e-02
-5.018282790980e-02

# gradient_gap_unit_vector = normalized(g_HS - g_LS)
 1.111831302152e-01
-3.626915188768e-01
-6.159972900103e-02
-2.122246713846e-02
 2.603470774911e-02
-2.510227770480e-03
 1.925330076684e-03
 4.439242569945e-02
-3.579279313892e-02
-5.815058492032e-03
 3.314296602973e-02
-2.221246843863e-02
-1.264893694174e-01
 9.949070971100e-02
 3.625612328484e-01
 5.489446485435e-01
 2.258056838162e-01
-1.482188639253e-01
-8.276376521530e-03
 4.844758321807e-02
 5.083905953876e-02
-5.118916547290e-01
-1.799557383373e-01
-8.786303676752e-02
 1.167902829693e-02
 6.586875237826e-02
-5.499702042162e-02

# reverse_gradient_gap_unit_vector = normalized(g_LS - g_HS)
-1.111831302152e-01
 3.626915188768e-01
 6.159972900103e-02
 2.122246713846e-02
-2.603470774911e-02
 2.510227770480e-03
-1.925330076684e-03
-4.439242569945e-02
 3.579279313892e-02
 5.815058492032e-03
-3.314296602973e-02
 2.221246843863e-02
 1.264893694174e-01
-9.949070971100e-02
-3.625612328484e-01
-5.489446485435e-01
-2.258056838162e-01
 1.482188639253e-01
 8.276376521530e-03
-4.844758321807e-02
-5.083905953876e-02
 5.118916547290e-01
 1.799557383373e-01
 8.786303676752e-02
-1.167902829693e-02
-6.586875237826e-02
 5.499702042162e-02
