Step 6 effective-Hessian projected MECP frequencies

[REAL_CM-1]
78.370457986110
112.580541731132
145.965251436532
360.177659571524
365.679514165769
465.597367252778
515.839838236991
670.403554761164
708.269969274521
731.617867727968
761.115338061343
1166.571936544371
1374.484903991892
1434.891448361152
2119.120545574913
2906.170620231125
3104.891815521595
3186.828064575723
3695.608358221235

[IMAG_CM-1]
-11.377139156492

[ZERO_CM-1]
0.000000000000
0.000000000000
0.000000000000
0.000000000000
0.000000000000
0.000000000000
0.000000000000
