Mn    -2.208674775338     1.752900477909    -0.820246803189
C     -2.355660204443    -0.127209323584    -0.820245147728
C     -2.355660504424     1.752901892828    -2.700356682274
C     -2.355658600746     1.752901361625     1.059862614295
C     -2.355660194884     3.633010159448    -0.820245778463
C     -0.382884821339     1.752898874894    -0.820247267397
O      0.756988171987     1.752895523217    -0.820248077832
O     -2.472274713881    -1.253186655164    -0.820243783711
O     -2.472275293688     1.752903424968    -3.826333982776
O     -2.472273105017     4.758987708244    -0.820244578948
O     -2.472270277032     1.752902567508     2.185840290199
Br    -4.748750401194     1.752890988107    -0.820256482175
