Raw ORCA SOC table elements

BraBlock BraRoot BraS BraMs KetBlock KetRoot KetS KetMs Real Imag Abs Type
   1    0    1.500    1.500    0    0    2.500    2.500    34.09900000    91.62200000    97.76161151 inter
   1    0    1.500    1.500    0    0    2.500    1.500    -0.00000000    82.02300000    82.02300000 inter
   1    0    1.500    1.500    0    0    2.500    0.500    10.78300000   -28.97300000    30.91452439 inter
   1    0    1.500    0.500    0    0    2.500    1.500    26.41300000    70.97000000    75.72573848 inter
   1    0    1.500    0.500    0    0    2.500    0.500    -0.00000000   100.45700000   100.45700000 inter
   1    0    1.500    0.500    0    0    2.500   -0.500    18.67700000   -50.18300000    53.54590384 inter
   1    0    1.500   -0.500    0    0    2.500    0.500    18.67700000    50.18300000    53.54590384 inter
   1    0    1.500   -0.500    0    0    2.500   -0.500    -0.00000000   100.45700000   100.45700000 inter
   1    0    1.500   -0.500    0    0    2.500   -1.500    26.41300000   -70.97000000    75.72573848 inter
   1    0    1.500   -1.500    0    0    2.500   -0.500    10.78300000    28.97300000    30.91452439 inter
   1    0    1.500   -1.500    0    0    2.500   -1.500    -0.00000000    82.02300000    82.02300000 inter
   1    0    1.500   -1.500    0    0    2.500   -2.500    34.09900000   -91.62200000    97.76161151 inter

H_SO_ORCA_effective_cm = 268.0819768951
H_SO_cm = 268.0819768951
H_SO_source = ORCA SOC calculation
selected_SOC_protocol = EXISTING_SOC_OUTPUT_PARSED_DIRECTLY
