Raw ORCA SOC table elements

BraBlock BraRoot BraS BraMs KetBlock KetRoot KetS KetMs Real Imag Abs Type
   1    0    1.500    1.500    0    0    2.500    2.500    34.27500000    91.81400000    98.00299088 inter
   1    0    1.500    1.500    0    0    2.500    1.500    -0.00000000    82.06100000    82.06100000 inter
   1    0    1.500    1.500    0    0    2.500    0.500    10.83900000   -29.03400000    30.99124194 inter
   1    0    1.500    0.500    0    0    2.500    1.500    26.55000000    71.11900000    75.91320479 inter
   1    0    1.500    0.500    0    0    2.500    0.500    -0.00000000   100.50400000   100.50400000 inter
   1    0    1.500    0.500    0    0    2.500   -0.500    18.77300000   -50.28900000    53.67875790 inter
   1    0    1.500   -0.500    0    0    2.500    0.500    18.77300000    50.28900000    53.67875790 inter
   1    0    1.500   -0.500    0    0    2.500   -0.500    -0.00000000   100.50400000   100.50400000 inter
   1    0    1.500   -0.500    0    0    2.500   -1.500    26.55000000   -71.11900000    75.91320479 inter
   1    0    1.500   -1.500    0    0    2.500   -0.500    10.83900000    29.03400000    30.99124194 inter
   1    0    1.500   -1.500    0    0    2.500   -1.500    -0.00000000    82.06100000    82.06100000 inter
   1    0    1.500   -1.500    0    0    2.500   -2.500    34.27500000   -91.81400000    98.00299088 inter

H_SO_ORCA_effective_cm = 268.4933099576
H_SO_cm = 268.4933099576
H_SO_source = ORCA SOC calculation
selected_SOC_protocol = EXISTING_SOC_OUTPUT_PARSED_DIRECTLY
