Raw ORCA SOC table elements

BraBlock BraRoot BraS BraMs KetBlock KetRoot KetS KetMs Real Imag Abs Type
   1    0    1.000    1.000    0    0    2.000    2.000    13.09300000    29.64300000    32.40577260 inter
   1    0    1.000    1.000    0    0    2.000    1.000    -0.00000000    53.11700000    53.11700000 inter
   1    0    1.000    1.000    0    0    2.000    0.000     5.34500000   -12.10200000    13.22979323 inter
   1    0    1.000    0.000    0    0    2.000    1.000     9.25800000    20.96100000    22.91449508 inter
   1    0    1.000    0.000    0    0    2.000    0.000    -0.00000000    61.33400000    61.33400000 inter
   1    0    1.000    0.000    0    0    2.000   -1.000     9.25800000   -20.96100000    22.91449508 inter
   1    0    1.000   -1.000    0    0    2.000    0.000     5.34500000    12.10200000    13.22979323 inter
   1    0    1.000   -1.000    0    0    2.000   -1.000    -0.00000000    53.11700000    53.11700000 inter
   1    0    1.000   -1.000    0    0    2.000   -2.000    13.09300000   -29.64300000    32.40577260 inter

H_SO_ORCA_effective_cm = 113.6008897764
H_SO_cm = 113.6008897764
H_SO_source = ORCA SOC calculation
selected_SOC_protocol = EXISTING_SOC_OUTPUT_PARSED_DIRECTLY
