MECP Cartesian gradient and reaction-coordinate definitions
Workflow mode = MECP_ONLY
Run mode = CLUSTER

Low-spin multiplicity  = 3 (triplet)
High-spin multiplicity = 5 (quintet)

Definitions:
surface_gradient_difference_cart = g_LS - g_HS
reverse_surface_gradient_difference_cart = g_HS - g_LS
GRADIENT_GAP_NORM_EH_PER_BOHR = ||g_LS - g_HS||
CARTESIAN_GEOMETRIC_MEAN_GRADIENT_EH_PER_BOHR = sqrt(||g_LS|| * ||g_HS||)
The final reaction-coordinate-projected gradient measure is calculated later and is not defined in Step 4.

||g_LS|| = 2.652326254278e-02 Eh/Bohr
||g_HS|| = 7.783781461953e-03 Eh/Bohr
g_LS_dot_g_HS = -2.058116464976e-04
intersection_type = peaked
GRADIENT_GAP_NORM_EH_PER_BOHR = 3.428839457828e-02 Eh/Bohr
cartesian_geometric_mean_gradient_Eh_per_Bohr = 1.436841255292e-02 Eh/Bohr
CARTESIAN_GEOMETRIC_MEAN_GRADIENT_EH_PER_BOHR = 1.436841255292e-02 Eh/Bohr
effective_hessian_mix_coefficient = 7.734113640789e-01

# g_LS
-0.004541287876
-0.001597387913
 0.006280842466
-0.004297729289
-0.013518872939
 0.002798478426
 0.009682370485
 0.010306845507
-0.000162370441
-0.003567762481
-0.002354376645
-0.005393605945
 0.004455631057
 0.004079906444
-0.009572794575
-0.001199984576
 0.001689659807
 0.003461387623
 0.000576122894
-0.000717639412
 0.000072642550
 0.000086935895
-0.000083029158
-0.000231263064
-0.000105876399
 0.000220657408
-0.000701845376
 0.001385245625
-0.001053010719
-0.001547689638
-0.000601952797
 0.000228839852
 0.000021515100
 0.000389345144
-0.000293555979
 0.000601465263
-0.000175885343
-0.000061430982
-0.000238075244
-0.002365126889
-0.000224486967
 0.003196592517
-0.000233057904
 0.000648784651
-0.000169563908
 0.000006050735
 0.000113264212
-0.000430270533
 0.000736660518
-0.000780280747
 0.000453084892
-0.000419653765
 0.002460465107
 0.002206703530
-0.000421481929
-0.000205994938
 0.000139021425
-0.000235868276
 0.000508501495
 0.000319786605
 0.000847305149
 0.000633141920
-0.001104041666

# g_HS
 0.001329819917
 0.000463496935
-0.002018881054
 0.001347612975
 0.003764524191
-0.000863641755
-0.002885142901
-0.002898737625
 0.000239909144
 0.000979007959
 0.000769367799
 0.001667667105
-0.001241132380
-0.001198089158
 0.002852616178
 0.000381726988
-0.000700861858
-0.000900196286
-0.000199866874
 0.000248609865
-0.000044238893
-0.000038763624
 0.000122757480
 0.000010357974
-0.000008488324
-0.000015959976
 0.000164047741
-0.000415472086
 0.000404051898
 0.000494415837
 0.000173628050
-0.000075960935
-0.000008130531
-0.000123429767
 0.000083250362
-0.000193882704
 0.000040642643
 0.000008767655
 0.000062966154
 0.000707410674
-0.000053611443
-0.000986821063
 0.000069630847
-0.000151695358
 0.000052959322
-0.000006318486
-0.000002918739
 0.000124128218
-0.000221174646
 0.000273412001
-0.000120153963
-0.000063015513
-0.000905300662
-0.000736585629
 0.000214523737
 0.000117317271
-0.000050739690
 0.000164796402
-0.000104436703
-0.000052257576
-0.000205995615
-0.000147982995
 0.000306461477

# surface_gradient_difference_cart = g_LS - g_HS
-0.005871107793
-0.002060884848
 0.008299723520
-0.005645342264
-0.017283397130
 0.003662120181
 0.012567513386
 0.013205583132
-0.000402279585
-0.004546770440
-0.003123744444
-0.007061273050
 0.005696763437
 0.005277995602
-0.012425410753
-0.001581711564
 0.002390521665
 0.004361583909
 0.000775989768
-0.000966249277
 0.000116881443
 0.000125699519
-0.000205786638
-0.000241621038
-0.000097388075
 0.000236617384
-0.000865893117
 0.001800717711
-0.001457062617
-0.002042105475
-0.000775580847
 0.000304800787
 0.000029645631
 0.000512774911
-0.000376806341
 0.000795347967
-0.000216527986
-0.000070198637
-0.000301041398
-0.003072537563
-0.000170875524
 0.004183413580
-0.000302688751
 0.000800480009
-0.000222523230
 0.000012369221
 0.000116182951
-0.000554398751
 0.000957835164
-0.001053692748
 0.000573238855
-0.000356638252
 0.003365765769
 0.002943289159
-0.000636005666
-0.000323312209
 0.000189761115
-0.000400664678
 0.000612938198
 0.000372044181
 0.001053300764
 0.000781124915
-0.001410503143

# reverse_surface_gradient_difference_cart = g_HS - g_LS
 0.005871107793
 0.002060884848
-0.008299723520
 0.005645342264
 0.017283397130
-0.003662120181
-0.012567513386
-0.013205583132
 0.000402279585
 0.004546770440
 0.003123744444
 0.007061273050
-0.005696763437
-0.005277995602
 0.012425410753
 0.001581711564
-0.002390521665
-0.004361583909
-0.000775989768
 0.000966249277
-0.000116881443
-0.000125699519
 0.000205786638
 0.000241621038
 0.000097388075
-0.000236617384
 0.000865893117
-0.001800717711
 0.001457062617
 0.002042105475
 0.000775580847
-0.000304800787
-0.000029645631
-0.000512774911
 0.000376806341
-0.000795347967
 0.000216527986
 0.000070198637
 0.000301041398
 0.003072537563
 0.000170875524
-0.004183413580
 0.000302688751
-0.000800480009
 0.000222523230
-0.000012369221
-0.000116182951
 0.000554398751
-0.000957835164
 0.001053692748
-0.000573238855
 0.000356638252
-0.003365765769
-0.002943289159
 0.000636005666
 0.000323312209
-0.000189761115
 0.000400664678
-0.000612938198
-0.000372044181
-0.001053300764
-0.000781124915
 0.001410503143

# gradient_difference_unit_vector
-0.171227258237
-0.060104442723
 0.242056346530
-0.164642945038
-0.504059677992
 0.106803489228
 0.366523820685
 0.385132733522
-0.011732237392
-0.132603771507
-0.091102091026
-0.205937698071
 0.166142612014
 0.153929504922
-0.362379484541
-0.046129647756
 0.069718098336
 0.127202919899
 0.022631265696
-0.028180067597
 0.003408775606
 0.003665949385
-0.006001641096
-0.007046729396
-0.002840263483
 0.006900800895
-0.025253241735
 0.052516827724
-0.042494337659
-0.059556753826
-0.022619339766
 0.008889328029
 0.000864596647
 0.014954765812
-0.010989325853
 0.023195835698
-0.006314905923
-0.002047300198
-0.008779687754
-0.089608673745
-0.004983479865
 0.122006691519
-0.008827731794
 0.023345508556
-0.006489753537
 0.000360740745
 0.003388404515
-0.016168699580
 0.027934675151
-0.030730302802
 0.016718159659
-0.010401135906
 0.098160494546
 0.085839223306
-0.018548715209
-0.009429202299
 0.005534266545
-0.011685139620
 0.017875966651
 0.010850440377
 0.030718870829
 0.022781029109
-0.041136459153

# reverse_gradient_unit_vector
 0.171227258237
 0.060104442723
-0.242056346530
 0.164642945038
 0.504059677992
-0.106803489228
-0.366523820685
-0.385132733522
 0.011732237392
 0.132603771507
 0.091102091026
 0.205937698071
-0.166142612014
-0.153929504922
 0.362379484541
 0.046129647756
-0.069718098336
-0.127202919899
-0.022631265696
 0.028180067597
-0.003408775606
-0.003665949385
 0.006001641096
 0.007046729396
 0.002840263483
-0.006900800895
 0.025253241735
-0.052516827724
 0.042494337659
 0.059556753826
 0.022619339766
-0.008889328029
-0.000864596647
-0.014954765812
 0.010989325853
-0.023195835698
 0.006314905923
 0.002047300198
 0.008779687754
 0.089608673745
 0.004983479865
-0.122006691519
 0.008827731794
-0.023345508556
 0.006489753537
-0.000360740745
-0.003388404515
 0.016168699580
-0.027934675151
 0.030730302802
-0.016718159659
 0.010401135906
-0.098160494546
-0.085839223306
 0.018548715209
 0.009429202299
-0.005534266545
 0.011685139620
-0.017875966651
-0.010850440377
-0.030718870829
-0.022781029109
 0.041136459153
