Step 6 effective-Hessian projected MECP frequencies

[REAL_CM-1]
37.545680174153
59.347397044914
61.248011922625
69.814695520338
78.703173905368
84.479838645547
95.419122633280
99.672506401967
103.156591217992
113.143545077674
117.922763143179
123.218008435020
141.662692882309
156.021277589973
185.608733912144
196.806025588859
197.562299322418
362.084593491234
407.482912065183
434.395226041027
672.796750566455
680.516185033841
681.635204665603
683.060419466432
862.709210202463
900.838467824574
904.371598475911
907.292987706807
908.936876116050
912.794063176997
916.619315101442
919.397675873828
1275.672946436344
1280.313390099767
1281.689789822652
1282.514506663224
1367.805030720013
1400.335203481116
1403.942068780806
1404.628684057599
1408.510303149058
1414.075460629819
1416.278803354703
1418.398982579449
2933.008104073981
2971.541984413701
2972.533793243471
2978.145674559264
3053.019204604198
3058.379397092750
3059.263903034807
3061.441957584332
3065.367838682147
3066.455104818200
3067.820862050316
3074.432485027879

[IMAG_CM-1]

[ZERO_CM-1]
0.000000000000
0.000000000000
0.000000000000
0.000000000000
0.000000000000
0.000000000000
0.000000000000
