Step 6 reaction-coordinate vectors

# reaction_direction_hessian_cart
-1.979026064842e-02
-2.601158297439e-02
-5.190621576562e-02
-1.046599790956e-02
 1.684909055012e-01
-4.995693551568e-02
-1.280517683082e-01
-7.804253495871e-02
-8.475421307197e-02
 2.150167750690e-01
 8.260999746652e-02
 6.925720841123e-02
-5.765222095798e-02
-1.039623970794e-01
 1.468411265193e-01
-6.161517582015e-02
-6.849389185460e-02
-4.382138765718e-02
 1.663108586343e-01
 1.228348139752e-01
 8.596263811797e-02
-2.182859786287e-01
 2.879427000216e-01
 8.003353878303e-02
 3.560582704934e-02
-1.356571232795e-01
 3.350154123756e-01
 7.088905168205e-02
 4.946613264657e-02
 1.135503186419e-02
 9.371329145256e-02
-1.409036451343e-01
 4.058355538075e-02
-1.738130631345e-01
 1.852746079009e-01
 1.340515280518e-01
-1.603112781635e-02
-7.249882976825e-02
-9.205233732645e-02
 1.794181770811e-02
-2.986495406567e-02
-1.243572303228e-02
-4.822183128407e-02
-2.353955681181e-02
 1.186708246855e-01
 4.658476564921e-02
 1.033345918423e-01
 1.854339687534e-01
 2.086994990586e-02
 6.743888448372e-02
-5.977952437365e-02
 1.396747956107e-02
-1.985621093272e-02
-7.319059623124e-03
 8.316843901739e-02
 1.218234301707e-01
-1.442154405593e-01
 3.052259964837e-02
-2.575440297513e-01
-1.417386736986e-01
-1.416580035768e-02
-1.958636295161e-01
 3.674169693157e-01

# reaction_direction_hessian_mw
-5.928373241907e-02
-7.792033426167e-02
-1.554903323914e-01
-2.375495867747e-02
 3.824283677769e-01
-1.133886084330e-01
-2.906425637598e-01
-1.771352535180e-01
-1.923689309575e-01
 4.880293929794e-01
 1.875021467729e-01
 1.571949601120e-01
-1.308548060448e-01
-2.359662659951e-01
 3.332892785534e-01
-8.559909087769e-02
-9.515537033510e-02
-6.087901064184e-02
 6.693337874768e-02
 4.943603318941e-02
 3.459647711851e-02
-8.785125759584e-02
 1.158852642362e-01
 3.221025498800e-02
 1.432990201054e-02
-5.459649289800e-02
 1.348301227412e-01
 9.848285420588e-02
 6.872099166188e-02
 1.577501632550e-02
 3.771580089235e-02
-5.670800526287e-02
 1.633323587849e-02
-6.995271193723e-02
 7.456551908154e-02
 5.395030590592e-02
-6.451879081715e-03
-2.917784004900e-02
-3.704733418778e-02
 2.492573078084e-02
-4.148998819037e-02
-1.727637017667e-02
-1.940733229176e-02
-9.473717378265e-03
 4.776019629866e-02
 1.874847973654e-02
 4.158798427426e-02
 7.462965536456e-02
 8.399308818229e-03
 2.714141719030e-02
-2.405883523852e-02
 1.940436810195e-02
-2.758530802668e-02
-1.016802827355e-02
 3.347192525081e-02
 4.902899220724e-02
-5.804086866898e-02
 1.228410904378e-02
-1.036510317433e-01
-5.704407040987e-02
-5.701160395606e-03
-7.882717102754e-02
 1.478704359263e-01

# n_cart = g_HS - g_LS normalized
-8.379945610259e-02
-1.101296876452e-01
-2.197639161740e-01
-2.548686531723e-02
 4.095655280235e-01
-1.213607718346e-01
-3.112673838825e-01
-1.896663616310e-01
-2.060229265557e-01
 5.226427136257e-01
 2.008291965382e-01
 1.683193387519e-01
-1.400962619515e-01
-2.527624342541e-01
 3.569133166073e-01
-5.609547092824e-02
-6.236855816180e-02
-3.993450968092e-02
 1.271183087763e-02
 9.386801233998e-03
 6.567334906216e-03
-1.668110630877e-02
 2.200660831313e-02
 6.113641766699e-03
 2.722505323516e-03
-1.036661668756e-02
 2.560009300968e-02
 6.453875272895e-02
 4.503774485964e-02
 1.037551984174e-02
 7.159979904239e-03
-1.076911812281e-02
 3.105602932118e-03
-1.328476795267e-02
 1.415916879245e-02
 1.024720864788e-02
-1.225872723298e-03
-5.542426274375e-03
-7.032183917693e-03
 1.634250323403e-02
-2.717522076239e-02
-1.135025079450e-02
-3.685232099145e-03
-1.796451860831e-03
 9.066896044241e-03
 3.560415379505e-03
 7.899553985567e-03
 1.416915511800e-02
 1.596046290109e-03
 5.154894139149e-03
-4.571318036302e-03
 1.273696601049e-02
-1.811325659369e-02
-6.667485134178e-03
 6.356997970143e-03
 9.307462875731e-03
-1.102065296687e-02
 2.334821822141e-03
-1.968620585322e-02
-1.083271870353e-02
-1.081115816633e-03
-1.497062087239e-02
 2.807862610961e-02

# n_cart_NAST = g_LS - g_HS normalized
 8.379945610259e-02
 1.101296876452e-01
 2.197639161740e-01
 2.548686531723e-02
-4.095655280235e-01
 1.213607718346e-01
 3.112673838825e-01
 1.896663616310e-01
 2.060229265557e-01
-5.226427136257e-01
-2.008291965382e-01
-1.683193387519e-01
 1.400962619515e-01
 2.527624342541e-01
-3.569133166073e-01
 5.609547092824e-02
 6.236855816180e-02
 3.993450968092e-02
-1.271183087763e-02
-9.386801233998e-03
-6.567334906216e-03
 1.668110630877e-02
-2.200660831313e-02
-6.113641766699e-03
-2.722505323516e-03
 1.036661668756e-02
-2.560009300968e-02
-6.453875272895e-02
-4.503774485964e-02
-1.037551984174e-02
-7.159979904239e-03
 1.076911812281e-02
-3.105602932118e-03
 1.328476795267e-02
-1.415916879245e-02
-1.024720864788e-02
 1.225872723298e-03
 5.542426274375e-03
 7.032183917693e-03
-1.634250323403e-02
 2.717522076239e-02
 1.135025079450e-02
 3.685232099145e-03
 1.796451860831e-03
-9.066896044241e-03
-3.560415379505e-03
-7.899553985567e-03
-1.416915511800e-02
-1.596046290109e-03
-5.154894139149e-03
 4.571318036302e-03
-1.273696601049e-02
 1.811325659369e-02
 6.667485134178e-03
-6.356997970143e-03
-9.307462875731e-03
 1.102065296687e-02
-2.334821822141e-03
 1.968620585322e-02
 1.083271870353e-02
 1.081115816633e-03
 1.497062087239e-02
-2.807862610961e-02
