Step 6 reaction-coordinate vectors

# reaction_direction_hessian_cart
-1.652363550104e-02
-1.385172389166e-02
-6.454578896899e-02
-1.562263408253e-02
 1.545609737446e-01
-3.963690657582e-02
-1.184940549203e-01
-7.041819725418e-02
-7.520436306930e-02
 1.981495983543e-01
 8.118333667133e-02
 8.024032787266e-02
-5.102094722063e-02
-1.200105652168e-01
 1.467817805323e-01
-5.632931314510e-02
-6.932273983903e-02
-4.791043241333e-02
 1.929172587208e-01
 1.654891349659e-01
 7.063783654746e-02
-2.019416936062e-01
 2.825659449087e-01
 5.531498200753e-02
 3.258657878518e-02
-1.585291436817e-01
 3.147864601857e-01
 8.274740733637e-02
 6.140364028631e-02
 1.860720487712e-02
 6.691059503095e-02
-1.600194684128e-01
 3.398086344855e-02
-2.438162102155e-01
 1.907473385361e-01
 1.448477607739e-01
-2.694752398717e-02
-5.881869115939e-02
-1.348908059407e-01
 1.709919511462e-02
-4.559168500440e-02
-8.228939595890e-03
-8.861633352913e-02
-4.303534334779e-02
 7.031862639794e-02
 3.717440046087e-02
 9.306629665023e-02
 1.911051656042e-01
 2.216891700580e-02
 5.200574360621e-02
-1.122259103794e-01
 9.073415281917e-03
-2.151489394750e-03
-2.236203239943e-02
 2.608442949088e-02
 8.498085431757e-02
-1.187213623710e-01
 7.716455447055e-02
-2.236534657028e-01
-1.300254449710e-01
-1.875246683677e-02
-2.354215954698e-01
 3.365296907076e-01

# reaction_direction_hessian_mw
-5.077778019945e-02
-4.256689099138e-02
-1.983517419554e-01
-3.637575174303e-02
 3.598798755952e-01
-9.229060002599e-02
-2.759016374597e-01
-1.639617780188e-01
-1.751058897334e-01
 4.613716585588e-01
 1.890273359041e-01
 1.868316335808e-01
-1.187972079476e-01
-2.794326810578e-01
 3.417667968688e-01
-8.027863818185e-02
-9.879643188576e-02
-6.828033317107e-02
 7.964844579530e-02
 6.832438156879e-02
 2.916376654248e-02
-8.337430328245e-02
 1.166610934444e-01
 2.283752306719e-02
 1.345380071869e-02
-6.545085696962e-02
 1.299637599945e-01
 1.179288154452e-01
 8.751039816330e-02
 2.651836112501e-02
 2.762492550844e-02
-6.606615727688e-02
 1.402944961174e-02
-1.006627521671e-01
 7.875256550259e-02
 5.980231680186e-02
-1.112564224601e-02
-2.428407580340e-02
-5.569145610140e-02
 2.436919644788e-02
-6.497573253096e-02
-1.172760730700e-02
-3.658642717855e-02
-1.776771158085e-02
 2.903197640374e-02
 1.534794367136e-02
 3.842365340077e-02
 7.890029914771e-02
 9.152731052604e-03
 2.147126015645e-02
-4.633395373203e-02
 1.293112558668e-02
-3.066230156727e-03
-3.186961473115e-02
 1.076930225000e-02
 3.508547142766e-02
-4.901568713059e-02
 3.185840849502e-02
-9.233829600359e-02
-5.368272737470e-02
-7.742204343359e-03
-9.719692426770e-02
 1.389407407433e-01

# gradient_gap_unit_vector = normalized(g_HS - g_LS)
-7.207955152412e-02
-6.042212833745e-02
-2.815392525165e-01
-3.918784010013e-02
 3.870094662290e-01
-9.927766758517e-02
-2.966787347735e-01
-1.763839807749e-01
-1.883157076586e-01
 4.961688649908e-01
 2.033601119603e-01
 2.009378841943e-01
-1.277389318895e-01
-3.005183339183e-01
 3.675571331492e-01
-5.283255775132e-02
-6.499609152234e-02
-4.493541181526e-02
 1.518933418095e-02
 1.303197190893e-02
 5.562175158220e-03
-1.589818292215e-02
 2.225087669560e-02
 4.356051427533e-03
 2.567589213250e-03
-1.247829546210e-02
 2.478444931025e-02
 7.758638682073e-02
 5.760706339611e-02
 1.744433325296e-02
 5.263426719616e-03
-1.259861535576e-02
 2.673978130563e-03
-1.919926538256e-02
 1.501902509489e-02
 1.140319014027e-02
-2.124835800071e-03
-4.630821170105e-03
-1.062097753048e-02
 1.607578856198e-02
-4.278040825988e-02
-7.711515180034e-03
-6.974027479763e-03
-3.387961136709e-03
 5.537087235274e-03
 2.930377529505e-03
 7.325626852900e-03
 1.504657711339e-02
 1.748705512906e-03
 4.093787704038e-03
-8.834755158071e-03
 8.526896844273e-03
-2.041688568065e-03
-2.097861320877e-02
 2.054029150595e-03
 6.687908426494e-03
-9.347405907891e-03
 6.076788304165e-03
-1.761031940827e-02
-1.023689183075e-02
-1.474260162849e-03
-1.853719426872e-02
 2.649533927957e-02

# reverse_gradient_gap_unit_vector = normalized(g_LS - g_HS)
 7.207955152412e-02
 6.042212833745e-02
 2.815392525165e-01
 3.918784010013e-02
-3.870094662290e-01
 9.927766758517e-02
 2.966787347735e-01
 1.763839807749e-01
 1.883157076586e-01
-4.961688649908e-01
-2.033601119603e-01
-2.009378841943e-01
 1.277389318895e-01
 3.005183339183e-01
-3.675571331492e-01
 5.283255775132e-02
 6.499609152234e-02
 4.493541181526e-02
-1.518933418095e-02
-1.303197190893e-02
-5.562175158220e-03
 1.589818292215e-02
-2.225087669560e-02
-4.356051427533e-03
-2.567589213250e-03
 1.247829546210e-02
-2.478444931025e-02
-7.758638682073e-02
-5.760706339611e-02
-1.744433325296e-02
-5.263426719616e-03
 1.259861535576e-02
-2.673978130563e-03
 1.919926538256e-02
-1.501902509489e-02
-1.140319014027e-02
 2.124835800071e-03
 4.630821170105e-03
 1.062097753048e-02
-1.607578856198e-02
 4.278040825988e-02
 7.711515180034e-03
 6.974027479763e-03
 3.387961136709e-03
-5.537087235274e-03
-2.930377529505e-03
-7.325626852900e-03
-1.504657711339e-02
-1.748705512906e-03
-4.093787704038e-03
 8.834755158071e-03
-8.526896844273e-03
 2.041688568065e-03
 2.097861320877e-02
-2.054029150595e-03
-6.687908426494e-03
 9.347405907891e-03
-6.076788304165e-03
 1.761031940827e-02
 1.023689183075e-02
 1.474260162849e-03
 1.853719426872e-02
-2.649533927957e-02
