Step 6 effective-Hessian projected MECP frequencies

[REAL_CM-1]
45.959789414674
59.497403924648
73.105639693378
81.201116501102
90.288554374357
106.517496814807
106.954143902282
110.553784294211
113.915510781348
121.679632861197
129.404726899542
144.504148450300
177.773377436958
187.558540416456
193.797605599353
273.436373644188
372.971402815345
415.305167872966
475.579088871792
663.588430172799
676.565226587597
680.576946217955
691.395098795001
839.076206254083
889.968454165566
906.390384924995
910.329675056992
915.119581292662
917.905196496028
919.876282779336
977.798477290260
1277.088267414358
1280.882294799683
1281.907560799916
1285.238476851942
1376.241109138828
1401.013287466155
1403.983940693116
1404.245718085188
1408.559891118678
1414.432105526850
1416.749519290292
1420.830331378705
2917.994008135671
2972.791219078008
2973.387352864087
2977.122282098523
3056.846481881179
3059.377898476412
3060.297431643788
3063.537075074643
3066.115587867646
3066.778722720685
3069.658788159122
3074.397683688142

[IMAG_CM-1]
-575.773989494998

[ZERO_CM-1]
0.000000000000
0.000000000000
0.000000000000
0.000000000000
0.000000000000
0.000000000000
0.000000000000
