MECP Cartesian gradient and reaction-coordinate definitions
Workflow mode = MECP_ONLY
Run mode = CLUSTER

Low-spin multiplicity  = 1 (singlet)
High-spin multiplicity = 3 (triplet)

Definitions:
surface_gradient_difference_cart = g_LS - g_HS
reverse_surface_gradient_difference_cart = g_HS - g_LS
GRADIENT_GAP_NORM_EH_PER_BOHR = ||g_LS - g_HS||
CARTESIAN_GEOMETRIC_MEAN_GRADIENT_EH_PER_BOHR = sqrt(||g_LS|| * ||g_HS||)
The final reaction-coordinate-projected gradient measure is calculated later and is not defined in Step 4.

||g_LS|| = 6.128943347668e-02 Eh/Bohr
||g_HS|| = 6.375683483219e-03 Eh/Bohr
g_LS_dot_g_HS = -3.866323721702e-04
intersection_type = peaked
GRADIENT_GAP_NORM_EH_PER_BOHR = 6.760405860680e-02 Eh/Bohr
cartesian_geometric_mean_gradient_Eh_per_Bohr = 1.976770165480e-02 Eh/Bohr
CARTESIAN_GEOMETRIC_MEAN_GRADIENT_EH_PER_BOHR = 1.976770165480e-02 Eh/Bohr
effective_hessian_mix_coefficient = 9.065092236990e-01

# g_LS
-0.003552973430
-0.004090131242
 0.001350527096
 0.000779057279
 0.002962551562
 0.000165233420
 0.001701881097
-0.001305128902
-0.001443485973
-0.001920623562
-0.000758945185
 0.000650452209
 0.000333018777
 0.001835808417
-0.000470523719
 0.002079735474
 0.005260625843
 0.001309964580
-0.002352448597
-0.002104904661
 0.000250580126
 0.002090488172
-0.001075173902
-0.001501550672
-0.000270500244
 0.002266429345
 0.000544949780
-0.001527635183
-0.001297977118
-0.000435511073
 0.000169806433
 0.000295406085
 0.000354675759
 0.000142345929
-0.000142432213
 0.000113574863
 0.000069173055
-0.000074256739
 0.000122719168
 0.000070534884
-0.000099105837
-0.000027196389
-0.000215895426
-0.000295508519
 0.000298084871
 0.000134767672
-0.000019306408
 0.000075589264
 0.000054247529
 0.000009344285
 0.000068095854
 0.000111101343
-0.000011193894
-0.000052881410
 0.004750370522
-0.000823223575
 0.004475646125
 0.003515669954
-0.003951189153
 0.004320901804
-0.037194912291
 0.017788053177
-0.015232315168
 0.019894156847
-0.007716618808
 0.001740126512
 0.016129139205
-0.011929461986
 0.000270640723
 0.019694597527
-0.004354148731
 0.005673312785
-0.002948281342
 0.001803003149
-0.006436306280
-0.013459397462
 0.003306878375
 0.005283139131
-0.004793440939
 0.001095325032
-0.000600774997
-0.003152298214
 0.003025796248
-0.000401563906

# g_HS
 0.000468847714
 0.000526368248
-0.000166578320
-0.000075016106
-0.000338235402
 0.000028302755
-0.000182615934
 0.000151181553
 0.000216290902
 0.000269716143
 0.000063165579
-0.000081407553
-0.000050044495
-0.000228785520
 0.000063559161
-0.000294966076
-0.000695804213
-0.000140361684
 0.000237730405
 0.000345136038
 0.000015880680
-0.000273701350
 0.000054159173
 0.000151113651
-0.000002511082
-0.000275293665
-0.000082105207
 0.000251533316
 0.000192392237
 0.000030059497
 0.000002028801
-0.000077569974
-0.000004239078
 0.000039744083
-0.000027079121
 0.000016348835
 0.000029765157
-0.000007763221
 0.000019585884
 0.000007330661
-0.000004088468
 0.000003285976
 0.000027284095
 0.000019121674
-0.000041800525
-0.000023639484
 0.000007612921
-0.000025544823
-0.000012938774
 0.000007781100
-0.000032707858
-0.000020295447
-0.000000401469
-0.000012292944
-0.000376081761
 0.000189406462
-0.000391580936
-0.000340082198
 0.000411019060
-0.000366884257
 0.003673864064
-0.002342990050
 0.001711885204
-0.001840980599
 0.000700864556
-0.000110355106
-0.001307279862
 0.001506968500
-0.000081322128
-0.002097270312
 0.000397631037
-0.000574617570
 0.000252817574
-0.000137919272
 0.000550541161
 0.001394454229
-0.000336346390
-0.000560556572
 0.000457627096
-0.000013100424
 0.000192305987
 0.000122827856
-0.000470298846
 0.000132252190

# surface_gradient_difference_cart = g_LS - g_HS
-0.004021821144
-0.004616499490
 0.001517105416
 0.000854073385
 0.003300786964
 0.000136930665
 0.001884497031
-0.001456310455
-0.001659776875
-0.002190339705
-0.000822110764
 0.000731859762
 0.000383063272
 0.002064593937
-0.000534082880
 0.002374701550
 0.005956430056
 0.001450326264
-0.002590179002
-0.002450040699
 0.000234699446
 0.002364189522
-0.001129333075
-0.001652664323
-0.000267989162
 0.002541723010
 0.000627054987
-0.001779168499
-0.001490369355
-0.000465570570
 0.000167777632
 0.000372976059
 0.000358914837
 0.000102601846
-0.000115353092
 0.000097226028
 0.000039407898
-0.000066493518
 0.000103133284
 0.000063204223
-0.000095017369
-0.000030482365
-0.000243179521
-0.000314630193
 0.000339885396
 0.000158407156
-0.000026919329
 0.000101134087
 0.000067186303
 0.000001563185
 0.000100803712
 0.000131396790
-0.000010792425
-0.000040588466
 0.005126452283
-0.001012630037
 0.004867227061
 0.003855752152
-0.004362208213
 0.004687786061
-0.040868776355
 0.020131043227
-0.016944200372
 0.021735137446
-0.008417483364
 0.001850481618
 0.017436419067
-0.013436430486
 0.000351962851
 0.021791867839
-0.004751779768
 0.006247930355
-0.003201098916
 0.001940922421
-0.006986847441
-0.014853851691
 0.003643224765
 0.005843695703
-0.005251068035
 0.001108425456
-0.000793080984
-0.003275126070
 0.003496095094
-0.000533816096

# reverse_surface_gradient_difference_cart = g_HS - g_LS
 0.004021821144
 0.004616499490
-0.001517105416
-0.000854073385
-0.003300786964
-0.000136930665
-0.001884497031
 0.001456310455
 0.001659776875
 0.002190339705
 0.000822110764
-0.000731859762
-0.000383063272
-0.002064593937
 0.000534082880
-0.002374701550
-0.005956430056
-0.001450326264
 0.002590179002
 0.002450040699
-0.000234699446
-0.002364189522
 0.001129333075
 0.001652664323
 0.000267989162
-0.002541723010
-0.000627054987
 0.001779168499
 0.001490369355
 0.000465570570
-0.000167777632
-0.000372976059
-0.000358914837
-0.000102601846
 0.000115353092
-0.000097226028
-0.000039407898
 0.000066493518
-0.000103133284
-0.000063204223
 0.000095017369
 0.000030482365
 0.000243179521
 0.000314630193
-0.000339885396
-0.000158407156
 0.000026919329
-0.000101134087
-0.000067186303
-0.000001563185
-0.000100803712
-0.000131396790
 0.000010792425
 0.000040588466
-0.005126452283
 0.001012630037
-0.004867227061
-0.003855752152
 0.004362208213
-0.004687786061
 0.040868776355
-0.020131043227
 0.016944200372
-0.021735137446
 0.008417483364
-0.001850481618
-0.017436419067
 0.013436430486
-0.000351962851
-0.021791867839
 0.004751779768
-0.006247930355
 0.003201098916
-0.001940922421
 0.006986847441
 0.014853851691
-0.003643224765
-0.005843695703
 0.005251068035
-0.001108425456
 0.000793080984
 0.003275126070
-0.003496095094
 0.000533816096

# gradient_difference_unit_vector
-0.059490823878
-0.068287312702
 0.022441040483
 0.012633463177
 0.048825278127
 0.002025479946
 0.027875501410
-0.021541760732
-0.024551438319
-0.032399529705
-0.012160671725
 0.010825677882
 0.005666276255
 0.030539496882
-0.007900160005
 0.035126612203
 0.088107580798
 0.021453242511
-0.038313957111
-0.036241029747
 0.003471676861
 0.034971118165
-0.016705107626
-0.024446229369
-0.003964098717
 0.037597195529
 0.009275404464
-0.026317480572
-0.022045560366
-0.006886725140
 0.002481768631
 0.005517066086
 0.005309072331
 0.001517687667
-0.001706304242
 0.001438168507
 0.000582922073
-0.000983572871
 0.001525548704
 0.000934917582
-0.001405497998
-0.000450895488
-0.003597114227
-0.004654013376
 0.005027588624
 0.002343160444
-0.000398191019
 0.001495976559
 0.000993820554
 0.000023122650
 0.001491089649
 0.001943622805
-0.000159641673
-0.000600385048
 0.075830540187
-0.014978834967
 0.071996077770
 0.057034329469
-0.064525833255
 0.069341784467
-0.604531402363
 0.297778619241
-0.250638803663
 0.321506399082
-0.124511509183
 0.027372345036
 0.257919708170
-0.198751831812
 0.005206238475
 0.322345555697
-0.070288380105
 0.092419456520
-0.047350691393
 0.028710146417
-0.103349526419
-0.219718342317
 0.053890621955
 0.086440012973
-0.077673857801
 0.016395841889
-0.011731262891
-0.048445701893
 0.051714278196
-0.007896213733

# reverse_gradient_unit_vector
 0.059490823878
 0.068287312702
-0.022441040483
-0.012633463177
-0.048825278127
-0.002025479946
-0.027875501410
 0.021541760732
 0.024551438319
 0.032399529705
 0.012160671725
-0.010825677882
-0.005666276255
-0.030539496882
 0.007900160005
-0.035126612203
-0.088107580798
-0.021453242511
 0.038313957111
 0.036241029747
-0.003471676861
-0.034971118165
 0.016705107626
 0.024446229369
 0.003964098717
-0.037597195529
-0.009275404464
 0.026317480572
 0.022045560366
 0.006886725140
-0.002481768631
-0.005517066086
-0.005309072331
-0.001517687667
 0.001706304242
-0.001438168507
-0.000582922073
 0.000983572871
-0.001525548704
-0.000934917582
 0.001405497998
 0.000450895488
 0.003597114227
 0.004654013376
-0.005027588624
-0.002343160444
 0.000398191019
-0.001495976559
-0.000993820554
-0.000023122650
-0.001491089649
-0.001943622805
 0.000159641673
 0.000600385048
-0.075830540187
 0.014978834967
-0.071996077770
-0.057034329469
 0.064525833255
-0.069341784467
 0.604531402363
-0.297778619241
 0.250638803663
-0.321506399082
 0.124511509183
-0.027372345036
-0.257919708170
 0.198751831812
-0.005206238475
-0.322345555697
 0.070288380105
-0.092419456520
 0.047350691393
-0.028710146417
 0.103349526419
 0.219718342317
-0.053890621955
-0.086440012973
 0.077673857801
-0.016395841889
 0.011731262891
 0.048445701893
-0.051714278196
 0.007896213733
