MECP Cartesian gradient and reaction-coordinate definitions
Workflow mode = MECP_ONLY
Run mode = CLUSTER

Low-spin multiplicity  = 1 (singlet)
High-spin multiplicity = 3 (triplet)

Definitions:
deltaG_NAST = g_LS - g_HS
delta_g_cart = g_HS - g_LS
DELTAF_PARALLEL_EH_PER_BOHR = ||g_LS - g_HS||
CARTESIAN_GRADMEAN_EH_PER_BOHR = sqrt(||g_LS|| * ||g_HS||)
The final reaction-coordinate-projected GRADMEAN_EH_PER_BOHR is calculated later and is not defined in Step 4.

||g_LS|| = 6.636066187928e-02 Eh/Bohr
||g_HS|| = 6.253891074806e-03 Eh/Bohr
g_LS_dot_g_HS = -5.169798274234e-05
intersection_type = peaked
DELTAF_PARALLEL_EH_PER_BOHR = 6.742584492698e-02 Eh/Bohr
cartesian_gradmean_Eh_per_Bohr = 2.037185192969e-02 Eh/Bohr
CARTESIAN_GRADMEAN_EH_PER_BOHR = 2.037185192969e-02 Eh/Bohr
lambda_effhess = 9.800254616668e-01

# g_LS
-0.002487684839
-0.002610092851
 0.000859122731
-0.000078889082
 0.002119765140
 0.000082070504
 0.001576312039
-0.000815957921
-0.001099439377
-0.001696266737
-0.000458225496
 0.000398103868
 0.000386353512
 0.001240462162
-0.000518290807
 0.001539796350
 0.004211873571
 0.000975434958
-0.002408597852
-0.001249524022
 0.000588748696
 0.002057686094
-0.002002833926
-0.001555203025
-0.000015322383
 0.002706015140
 0.000428411318
-0.001024452658
-0.001641207014
-0.000719977201
 0.000259901646
 0.000204372334
 0.000591432072
 0.000002778653
-0.000063941655
-0.000051328531
 0.000174160313
-0.000035865326
 0.000118200400
 0.000073083910
-0.000169066070
 0.000025355015
-0.000178027858
-0.000344711810
 0.000393224459
 0.000064054008
 0.000108232140
 0.000135749248
 0.000072969463
-0.000113901592
 0.000035310831
 0.000145099978
-0.000044152274
 0.000071127930
 0.002908505085
-0.000936615246
 0.004637513954
 0.003986556697
-0.003443727857
 0.004426644070
-0.039441884446
 0.009169703354
-0.010352233001
 0.023709521435
-0.007489322181
 0.000107850259
 0.013776395372
-0.013830722591
-0.002127821931
 0.024635489422
 0.017399411483
 0.004245048286
-0.002675823109
 0.004135134729
-0.005865298502
-0.017329567133
-0.011614027735
 0.004350494218
-0.005819416965
 0.001448869168
-0.000040196051
-0.001720199186
 0.003931725957
-0.000041352830

# g_HS
 0.000359272752
 0.000358662742
-0.000413502863
-0.000767194558
-0.000147791610
-0.000064293844
 0.000385188630
 0.000359426044
 0.000020776090
-0.000165773131
-0.000094541699
-0.000092562233
 0.000108337711
 0.000018758231
-0.000013105585
-0.000456621764
-0.000534281751
 0.000020875089
-0.001097129631
 0.000450148177
 0.000476746364
 0.000677398196
-0.001172883475
-0.000507659122
-0.000191693447
 0.001229735306
 0.000276286531
 0.000011532118
-0.000736184385
-0.000226158221
 0.000127354944
-0.000124977316
 0.000193230055
-0.000074116372
 0.000019634563
-0.000149107190
 0.000138454376
 0.000032030039
 0.000030865617
 0.000030004950
-0.000120257541
 0.000005864779
 0.000056866254
-0.000070967807
 0.000040420670
-0.000084905842
 0.000104167508
 0.000027998450
 0.000019568906
-0.000097880614
-0.000057761661
-0.000025951545
-0.000027457905
 0.000106037158
 0.001064183644
 0.000063718778
-0.000498831384
 0.000861183269
 0.000210510520
 0.000469038313
 0.000520531438
-0.001144841229
 0.002569850571
 0.001330513514
 0.000515091609
-0.001712536796
-0.002522880676
-0.001577502129
-0.000242779877
-0.000296725288
-0.000262148465
-0.000513952984
-0.000252028948
 0.000374623267
 0.000801714477
-0.000709959100
 0.001193642563
-0.000869553687
 0.000072314716
 0.000388346186
 0.000492279730
 0.001396035187
 0.000581711618
-0.000096399100

# deltaG_cart_NAST = g_LS - g_HS
-0.002846957591
-0.002968755593
 0.001272625594
 0.000688305476
 0.002267556750
 0.000146364348
 0.001191123409
-0.001175383965
-0.001120215467
-0.001530493606
-0.000363683797
 0.000490666101
 0.000278015801
 0.001221703931
-0.000505185222
 0.001996418114
 0.004746155322
 0.000954559869
-0.001311468221
-0.001699672199
 0.000112002332
 0.001380287898
-0.000829950451
-0.001047543903
 0.000176371064
 0.001476279834
 0.000152124787
-0.001035984776
-0.000905022629
-0.000493818980
 0.000132546702
 0.000329349650
 0.000398202017
 0.000076895025
-0.000083576218
 0.000097778659
 0.000035705937
-0.000067895365
 0.000087334783
 0.000043078960
-0.000048808529
 0.000019490236
-0.000234894112
-0.000273744003
 0.000352803789
 0.000148959850
 0.000004064632
 0.000107750798
 0.000053400557
-0.000016020978
 0.000093072492
 0.000171051523
-0.000016694369
-0.000034909228
 0.001844321441
-0.001000334024
 0.005136345338
 0.003125373428
-0.003654238377
 0.003957605757
-0.039962415884
 0.010314544583
-0.012922083572
 0.022379007921
-0.008004413790
 0.001820387055
 0.016299276048
-0.012253220462
-0.001885042054
 0.024932214710
 0.017661559948
 0.004759001270
-0.002423794161
 0.003760511462
-0.006667012979
-0.016619608033
-0.012807670298
 0.005220047905
-0.005891731681
 0.001060522982
-0.000532475781
-0.003116234373
 0.003350014339
 0.000055046270

# delta_g_cart = g_HS - g_LS
 0.002846957591
 0.002968755593
-0.001272625594
-0.000688305476
-0.002267556750
-0.000146364348
-0.001191123409
 0.001175383965
 0.001120215467
 0.001530493606
 0.000363683797
-0.000490666101
-0.000278015801
-0.001221703931
 0.000505185222
-0.001996418114
-0.004746155322
-0.000954559869
 0.001311468221
 0.001699672199
-0.000112002332
-0.001380287898
 0.000829950451
 0.001047543903
-0.000176371064
-0.001476279834
-0.000152124787
 0.001035984776
 0.000905022629
 0.000493818980
-0.000132546702
-0.000329349650
-0.000398202017
-0.000076895025
 0.000083576218
-0.000097778659
-0.000035705937
 0.000067895365
-0.000087334783
-0.000043078960
 0.000048808529
-0.000019490236
 0.000234894112
 0.000273744003
-0.000352803789
-0.000148959850
-0.000004064632
-0.000107750798
-0.000053400557
 0.000016020978
-0.000093072492
-0.000171051523
 0.000016694369
 0.000034909228
-0.001844321441
 0.001000334024
-0.005136345338
-0.003125373428
 0.003654238377
-0.003957605757
 0.039962415884
-0.010314544583
 0.012922083572
-0.022379007921
 0.008004413790
-0.001820387055
-0.016299276048
 0.012253220462
 0.001885042054
-0.024932214710
-0.017661559948
-0.004759001270
 0.002423794161
-0.003760511462
 0.006667012979
 0.016619608033
 0.012807670298
-0.005220047905
 0.005891731681
-0.001060522982
 0.000532475781
 0.003116234373
-0.003350014339
-0.000055046270

# n_cart_NAST
-0.042223536006
-0.044029935349
 0.018874447853
 0.010208332973
 0.033630379455
 0.002170745478
 0.017665680130
-0.017432246734
-0.016614036772
-0.022698916234
-0.005393833735
 0.007277122022
 0.004123282419
 0.018119223160
-0.007492456677
 0.029609093014
 0.070390743003
 0.014157180678
-0.019450527056
-0.025208022248
 0.001661118702
 0.020471199130
-0.012309084920
-0.015536236945
 0.002615778329
 0.021894865917
 0.002256179172
-0.015364802282
-0.013422488513
-0.007323882712
 0.001965814476
 0.004884620287
 0.005905777190
 0.001140438434
-0.001239527930
 0.001450165869
 0.000529558614
-0.001006963503
 0.001295271614
 0.000638908716
-0.000723884574
 0.000289061799
-0.003483739985
-0.004059926921
 0.005232471160
 0.002209239649
 0.000060282997
 0.001598063741
 0.000791989438
-0.000237608858
 0.001380368197
 0.002536883641
-0.000247595993
-0.000517742537
 0.027353330804
-0.014836062123
 0.076177693339
 0.046352751402
-0.054196404672
 0.058695679102
-0.592686912968
 0.152976126501
-0.191648819321
 0.331905487358
-0.118714326808
 0.026998357336
 0.241736326266
-0.181728838182
-0.027957262620
 0.369772373442
 0.261940506154
 0.070581262647
-0.035947553399
 0.055772552292
-0.098879190705
-0.246487204587
-0.189951943678
 0.077419095165
-0.087380909907
 0.015728731070
-0.007897205909
-0.046217209089
 0.049684425054
 0.000816397185

# n_cart
 0.042223536006
 0.044029935349
-0.018874447853
-0.010208332973
-0.033630379455
-0.002170745478
-0.017665680130
 0.017432246734
 0.016614036772
 0.022698916234
 0.005393833735
-0.007277122022
-0.004123282419
-0.018119223160
 0.007492456677
-0.029609093014
-0.070390743003
-0.014157180678
 0.019450527056
 0.025208022248
-0.001661118702
-0.020471199130
 0.012309084920
 0.015536236945
-0.002615778329
-0.021894865917
-0.002256179172
 0.015364802282
 0.013422488513
 0.007323882712
-0.001965814476
-0.004884620287
-0.005905777190
-0.001140438434
 0.001239527930
-0.001450165869
-0.000529558614
 0.001006963503
-0.001295271614
-0.000638908716
 0.000723884574
-0.000289061799
 0.003483739985
 0.004059926921
-0.005232471160
-0.002209239649
-0.000060282997
-0.001598063741
-0.000791989438
 0.000237608858
-0.001380368197
-0.002536883641
 0.000247595993
 0.000517742537
-0.027353330804
 0.014836062123
-0.076177693339
-0.046352751402
 0.054196404672
-0.058695679102
 0.592686912968
-0.152976126501
 0.191648819321
-0.331905487358
 0.118714326808
-0.026998357336
-0.241736326266
 0.181728838182
 0.027957262620
-0.369772373442
-0.261940506154
-0.070581262647
 0.035947553399
-0.055772552292
 0.098879190705
 0.246487204587
 0.189951943678
-0.077419095165
 0.087380909907
-0.015728731070
 0.007897205909
 0.046217209089
-0.049684425054
-0.000816397185
