Step 6 effective-Hessian projected MECP frequencies

[REAL_CM-1]
28.863389486227
37.291294941721
52.461780643797
54.849549040279
62.320586497006
68.791267560902
80.771609844891
81.995615931560
87.519839617013
94.383411574345
101.569566169022
108.004349136767
110.484991015940
112.046193622079
121.124446526517
127.481353904205
131.584531822336
134.872785222615
157.283724682493
159.033145450995
182.492107923288
201.865201532953
218.280848030570
227.657127069525
240.454792649509
253.448079589262
280.228608396090
300.038369392867
308.092048096775
373.883250835691
395.987038028417
409.755325493183
419.653567703984
451.165778828324
480.327567105117
547.976367210509
557.190013981510
636.496848998529
663.196017958307
673.672427204836
679.217522760082
682.118116369419
810.836987631138
904.774498695526
910.484445253972
915.112907879683
915.830858935161
919.170618010997
925.328736207548
933.141489573575
1256.539273563356
1263.685574405468
1265.726126125803
1267.675881505843
1390.890244615806
1397.639267076518
1401.456550345772
1408.081337609633
1410.695432422435
1420.752543266936
1425.246690325782
1427.543376097573
1899.759576832085
2070.691371173705
2080.869087844831
2899.630048882011
2924.567941095761
2949.152284782792
2962.222532577712
2984.416520533851
2987.120236796028
3002.474780173464
3014.251622821399
3036.789233959947
3041.701809912308
3059.927017934291
3078.078773380146

[IMAG_CM-1]

[ZERO_CM-1]
0.000000000000
0.000000000000
0.000000000000
0.000000000000
0.000000000000
0.000000000000
0.000000000000
