Step 6 reaction-coordinate vectors

# reaction_direction_hessian_cart
 1.610191660362e-02
 3.674306834494e-03
-3.870785515476e-02
-7.107407696084e-02
-5.027415246011e-02
-2.340281320642e-02
 2.658645623933e-02
 1.151239554225e-03
-8.815819393002e-02
 7.632199162739e-02
 2.151700192889e-02
 2.014368385361e-01
 1.389179880703e-01
 4.124157834950e-02
 3.817826355999e-03
-5.644187534485e-02
-5.984530014237e-02
 8.076357833551e-02
-8.910619056176e-02
 5.196024563207e-02
-7.655794580466e-02
 3.149514581599e-02
-1.904766858755e-02
 3.127716218605e-03
-3.032993192744e-02
-3.377314827089e-01
 1.908077318008e-01
 5.122623850149e-02
 2.706161217872e-01
 7.315605372745e-02
-1.001785815578e-01
-5.565674804148e-02
 3.995612433525e-02
-1.189572206251e-02
 7.005847577244e-03
-2.681311857901e-02
 6.366143203222e-02
 1.417888757745e-02
 1.493722899017e-02
-1.503758939168e-02
-5.539648659381e-03
 1.150518207905e-03
 2.278051594676e-02
 1.345111289431e-02
 3.412128888277e-02
-3.738230531102e-03
 2.693214890476e-03
-7.815039932277e-03
 1.049575363183e-02
 3.082535687893e-02
 7.938341149435e-02
-1.625485456109e-03
 5.339647368245e-04
-9.031483612820e-02
-2.813230249296e-02
-1.039260652843e-02
 2.320088356261e-02
-1.134871430511e-01
 1.298023964627e-01
 1.798817254313e-02
 6.088789376891e-02
-6.490063823579e-02
-9.907001819779e-02
-7.927709596365e-02
 1.457061362120e-02
 1.069584270181e-01
-1.511419794526e-02
 4.120424129511e-03
 2.534698120217e-02
 1.123358163766e-01
-3.355225918185e-02
 4.706366181912e-02
 1.352440018249e-01
 1.672337176715e-01
-5.171776922244e-02
 2.131196443931e-01
-2.015106427573e-01
 1.110028244939e-02
-1.853223401732e-02
 5.818206633237e-02
 1.365906208577e-01
-7.986193916336e-02
 3.080743300083e-01
-5.190201251644e-01

# reaction_direction_hessian_mw
 5.695993071382e-02
 1.299772367887e-02
-1.369275970042e-01
-2.577541070260e-01
-1.823220198975e-01
-8.487160829737e-02
 7.125936434195e-02
 3.085653766747e-03
-2.362893649471e-01
 2.045649318480e-01
 5.767176588690e-02
 5.399087768567e-01
 2.279018234930e-01
 6.765884706610e-02
 6.263332779276e-03
-2.682448748827e-02
-2.844199444282e-02
 3.838358635910e-02
-1.461831084342e-01
 8.524335036222e-02
-1.255970928900e-01
 1.496833937073e-02
-9.052568586454e-03
 1.486474077273e-03
-1.441456143221e-02
-1.605097966176e-01
 9.068301829243e-02
 2.434571114724e-02
 1.286126431599e-01
 3.476804475247e-02
-1.643479129600e-01
-9.130764521240e-02
 6.554999624027e-02
-2.252355609663e-02
 1.326498720138e-02
-5.076840037672e-02
 1.044397248179e-01
 2.326116566249e-02
 2.450526222039e-02
-2.664099972795e-02
-9.814191263203e-03
 2.038289147645e-03
 3.737256201659e-02
 2.206721533478e-02
 5.597766037597e-02
-6.622750227318e-03
 4.771372278868e-03
-1.384533593029e-02
 2.813164437416e-02
 8.262083961218e-02
 2.127704193240e-01
-4.356769450830e-03
 1.431179371354e-03
-2.420697875342e-01
-4.615243228225e-02
-1.704958451799e-02
 3.806219586113e-02
-5.393574239433e-02
 6.168970712946e-02
 8.549033964088e-03
 2.893749604548e-02
-3.084458742201e-02
-4.708387960840e-02
-3.767712280626e-02
 6.924809645149e-03
 5.083291385662e-02
-2.479558853542e-02
 6.759759378352e-03
 4.158297507946e-02
 5.338856447393e-02
-1.594600021930e-02
 2.236741071954e-02
 6.427587695573e-02
 7.947926499406e-02
-2.457931535677e-02
 1.012869469627e-01
-9.576966892700e-02
 5.275504859834e-03
-8.807603866632e-03
 2.765152824634e-02
 6.491586925180e-02
-3.795507457517e-02
 1.464149793088e-01
-2.466687856945e-01

# n_cart = g_HS - g_LS normalized
 8.337204739063e-02
 1.903479602858e-02
-2.004692467591e-01
-3.867921568562e-01
-2.736027622499e-01
-1.273260170699e-01
 7.902314277533e-02
 3.425614063174e-03
-2.620630377021e-01
 2.268993310230e-01
 6.395462136695e-02
 5.987907817321e-01
 1.546959785071e-01
 4.593370181443e-02
 4.252562493158e-03
-5.276300503341e-03
-5.592984811163e-03
 7.548868868134e-03
-9.922280625442e-02
 5.786252033010e-02
-8.526191838768e-02
 2.944998942905e-03
-1.780758709424e-03
 2.924153704031e-04
-2.834046601511e-03
-3.156543073880e-02
 1.783340567988e-02
 4.788806316189e-03
 2.529215426052e-02
 6.836712296011e-03
-1.115629359641e-01
-6.198089560844e-02
 4.448200580358e-02
-1.763988204388e-02
 1.039580411893e-02
-3.980312562407e-02
 7.088790295447e-02
 1.579647091788e-02
 1.662300784737e-02
-1.954782865944e-02
-7.184826042721e-03
 1.477859603346e-03
 2.537109630024e-02
 1.498232527972e-02
 3.798620311313e-02
-4.851966302605e-03
 3.500538382438e-03
-1.016903836849e-02
 3.120163351586e-02
 9.162230166276e-02
 2.360232550465e-01
-4.839454071431e-03
 1.583724405744e-03
-2.684404029408e-01
-3.132588078475e-02
-1.157841782209e-02
 2.585327479662e-02
-1.060596396195e-02
 1.213111972571e-02
 1.682350734349e-03
 5.690847445325e-03
-6.065990727161e-03
-9.258409115306e-03
-7.409131192424e-03
 1.361364220844e-03
 9.998267552876e-03
-1.682822027407e-02
 4.583805262736e-03
 2.824594336782e-02
 1.049936770367e-02
-3.136299876483e-03
 4.400469295082e-03
 1.264096391934e-02
 1.562954331570e-02
-4.832423584157e-03
 1.991907712547e-02
-1.883416222669e-02
 1.039240231779e-03
-1.733355000977e-03
 5.438289246509e-03
 1.276612273536e-02
-7.465265500204e-03
 2.879383435839e-02
-4.850912701582e-02

# n_cart_NAST = g_LS - g_HS normalized
-8.337204739063e-02
-1.903479602858e-02
 2.004692467591e-01
 3.867921568562e-01
 2.736027622499e-01
 1.273260170699e-01
-7.902314277533e-02
-3.425614063174e-03
 2.620630377021e-01
-2.268993310230e-01
-6.395462136695e-02
-5.987907817321e-01
-1.546959785071e-01
-4.593370181443e-02
-4.252562493158e-03
 5.276300503341e-03
 5.592984811163e-03
-7.548868868134e-03
 9.922280625442e-02
-5.786252033010e-02
 8.526191838768e-02
-2.944998942905e-03
 1.780758709424e-03
-2.924153704031e-04
 2.834046601511e-03
 3.156543073880e-02
-1.783340567988e-02
-4.788806316189e-03
-2.529215426052e-02
-6.836712296011e-03
 1.115629359641e-01
 6.198089560844e-02
-4.448200580358e-02
 1.763988204388e-02
-1.039580411893e-02
 3.980312562407e-02
-7.088790295447e-02
-1.579647091788e-02
-1.662300784737e-02
 1.954782865944e-02
 7.184826042721e-03
-1.477859603346e-03
-2.537109630024e-02
-1.498232527972e-02
-3.798620311313e-02
 4.851966302605e-03
-3.500538382438e-03
 1.016903836849e-02
-3.120163351586e-02
-9.162230166276e-02
-2.360232550465e-01
 4.839454071431e-03
-1.583724405744e-03
 2.684404029408e-01
 3.132588078475e-02
 1.157841782209e-02
-2.585327479662e-02
 1.060596396195e-02
-1.213111972571e-02
-1.682350734349e-03
-5.690847445325e-03
 6.065990727161e-03
 9.258409115306e-03
 7.409131192424e-03
-1.361364220844e-03
-9.998267552876e-03
 1.682822027407e-02
-4.583805262736e-03
-2.824594336782e-02
-1.049936770367e-02
 3.136299876483e-03
-4.400469295082e-03
-1.264096391934e-02
-1.562954331570e-02
 4.832423584157e-03
-1.991907712547e-02
 1.883416222669e-02
-1.039240231779e-03
 1.733355000977e-03
-5.438289246509e-03
-1.276612273536e-02
 7.465265500204e-03
-2.879383435839e-02
 4.850912701582e-02
