Step 6 effective-Hessian projected MECP frequencies

[REAL_CM-1]
28.681621483563
39.070359477344
54.388343775571
56.669445295611
63.714621986090
68.791393189546
81.201082441069
82.471601249912
92.358693799526
97.559081297068
103.580156503986
112.164450882632
112.928511438545
116.670651549637
126.532217791837
129.393982197732
134.428714250049
143.035718378662
158.317552637073
160.835096690974
183.368316940197
202.293618781177
218.830531301170
227.709090272319
240.629718687087
253.187244966976
279.204610347092
299.830943126297
308.531878588209
374.685960969557
397.137599835197
410.214032361850
419.745015206155
451.453304533253
480.682794980634
548.048696862315
557.070862882893
636.389241449803
663.128268397221
673.677136048726
679.172158411819
681.650514620263
812.408712622429
906.662363906495
912.765186049658
917.310074351294
917.898532191711
921.321754716121
926.752905050106
934.934715590462
1257.159636128899
1264.217024988338
1266.150984978439
1268.192409489686
1391.437679426688
1397.838151870205
1401.539651275117
1408.869785699789
1411.168872436017
1421.554257370242
1425.927816149597
1428.007039582196
1899.766574485670
2070.896730842183
2081.055649505468
2897.981681316634
2923.584662095819
2948.163179411566
2962.241959393497
2982.868716616957
2987.026120276449
3001.862308262732
3012.633783565859
3036.295194847206
3041.912821462506
3059.419037168768
3078.426034678039

[IMAG_CM-1]

[ZERO_CM-1]
0.000000000000
0.000000000000
0.000000000000
0.000000000000
0.000000000000
0.000000000000
0.000000000000
