Step 6 reaction-coordinate vectors

# reaction_direction_hessian_cart
 1.602406710109e-02
 3.635803898895e-03
-3.880622683526e-02
-7.096373805006e-02
-5.019019220397e-02
-2.356344054671e-02
 2.669608134205e-02
 1.181884061219e-03
-8.807560723079e-02
 7.612926323270e-02
 2.150668085382e-02
 2.014717335967e-01
 1.387401382040e-01
 4.119227118935e-02
 4.097460995968e-03
-5.687174139654e-02
-6.012741981593e-02
 8.098407716585e-02
-8.898730324027e-02
 5.203271025190e-02
-7.657145637831e-02
 3.132912367156e-02
-1.913520030186e-02
 3.157479616812e-03
-3.063283840553e-02
-3.380834574238e-01
 1.915019294283e-01
 5.164256504701e-02
 2.707501193753e-01
 7.282261164135e-02
-1.002190999960e-01
-5.530356745204e-02
 4.035912123128e-02
-1.179514764467e-02
 6.958149180107e-03
-2.684741938938e-02
 6.362543741825e-02
 1.405574950514e-02
 1.481286214741e-02
-1.500731469849e-02
-5.503904348700e-03
 1.165551589338e-03
 2.274015437906e-02
 1.342235740238e-02
 3.400252021661e-02
-3.718443280386e-03
 2.663785745688e-03
-7.785053506542e-03
 1.054229216728e-02
 3.084511920442e-02
 7.950235030666e-02
-1.461119234940e-03
 1.701056222412e-04
-9.014761097373e-02
-2.852144655123e-02
-1.013746000923e-02
 2.309599702517e-02
-1.139161399946e-01
 1.287497369448e-01
 1.720106919089e-02
 6.246032386206e-02
-6.579065505816e-02
-9.883258839999e-02
-7.866519943762e-02
 1.550143028580e-02
 1.077867970909e-01
-1.542652976884e-02
 5.013736491366e-03
 2.540740449835e-02
 1.119628900507e-01
-3.325551152979e-02
 4.663963425581e-02
 1.373106445298e-01
 1.647680289843e-01
-5.519907058766e-02
 2.114424911609e-01
-2.045594821504e-01
 1.201866318600e-02
-1.857591894997e-02
 5.728879920569e-02
 1.355302966706e-01
-7.912243693068e-02
 3.076372319939e-01
-5.185250946819e-01

# reaction_direction_hessian_mw
 5.669954815663e-02
 1.286492604861e-02
-1.373119267002e-01
-2.574220909428e-01
-1.820657222545e-01
-8.547675618580e-02
 7.157213482574e-02
 3.168628544921e-03
-2.361305075008e-01
 2.041023857570e-01
 5.765936363475e-02
 5.401452706037e-01
 2.276703114734e-01
 6.759584741215e-02
 6.723866887249e-03
-2.703594086921e-02
-2.858363972764e-02
 3.849857007785e-02
-1.460267180656e-01
 8.538483169476e-02
-1.256525151935e-01
 1.489337787571e-02
-9.096576457445e-03
 1.501016675763e-03
-1.456237469525e-02
-1.607196146859e-01
 9.103703725661e-02
 2.455007180474e-02
 1.287103935630e-01
 3.461873636943e-02
-1.644579139609e-01
-9.075225519009e-02
 6.622866187440e-02
-2.233903950438e-02
 1.317816224894e-02
-5.084680416026e-02
 1.044083085267e-01
 2.306525645176e-02
 2.430766599033e-02
-2.659440323449e-02
-9.753447205854e-03
 2.065469378115e-03
 3.731622367871e-02
 2.202587030737e-02
 5.579758294038e-02
-6.589438683065e-03
 4.720484222152e-03
-1.379586263863e-02
 2.826386190173e-02
 8.269569612592e-02
 2.131456247157e-01
-3.917257425901e-03
 4.560527956770e-04
-2.416855449368e-01
-4.680323015422e-02
-1.663540708354e-02
 3.790015567650e-02
-5.415396028531e-02
 6.120562144730e-02
 8.177120624630e-03
 2.969266600846e-02
-3.127585363524e-02
-4.698347457488e-02
-3.739621169029e-02
 7.369138737514e-03
 5.124016604858e-02
-2.531468458149e-02
 8.227460080489e-03
 4.169313776642e-02
 5.322541565678e-02
-1.580915268667e-02
 2.217175635805e-02
 6.527534369550e-02
 7.832815699620e-02
-2.624077919539e-02
 1.005164700059e-01
-9.724439462989e-02
 5.713485454190e-03
-8.830702805827e-03
 2.723420366178e-02
 6.442899402752e-02
-3.761357527934e-02
 1.462459528954e-01
-2.464987611559e-01

# gradient_gap_unit_vector = normalized(g_HS - g_LS)
 8.299946150097e-02
 1.884242547417e-02
-2.010517425725e-01
-3.863332052127e-01
-2.732459589735e-01
-1.282475521000e-01
 7.937812856328e-02
 3.518041905971e-03
-2.619131553395e-01
 2.264089993488e-01
 6.394720485175e-02
 5.991138905702e-01
 1.545546628119e-01
 4.589567646739e-02
 4.565783721726e-03
-5.318412328219e-03
-5.621404843779e-03
 7.572258531426e-03
-9.912683997108e-02
 5.796437276707e-02
-8.530831848580e-02
 2.930537647651e-03
-1.789604667854e-03
 2.952917886770e-04
-2.863410782473e-03
-3.160990703257e-02
 1.790482927105e-02
 4.829474474348e-03
 2.531394201602e-02
 6.808035469014e-03
-1.116489846833e-01
-6.161012402345e-02
 4.494750694147e-02
-1.749720516350e-02
 1.032882705864e-02
-3.986817197953e-02
 7.087393965480e-02
 1.566516397911e-02
 1.649071565792e-02
-1.951535662019e-02
-7.140860981041e-03
 1.498179627473e-03
 2.533546892464e-02
 1.495579872994e-02
 3.786786644711e-02
-4.827975285941e-03
 3.463607928102e-03
-1.013375773360e-02
 3.135124842046e-02
 9.171453905375e-02
 2.364630308838e-01
-4.352262542892e-03
 5.023078698721e-04
-2.680421428911e-01
-3.177104404612e-02
-1.129847666455e-02
 2.574587804408e-02
-1.064997849056e-02
 1.203713464931e-02
 1.609375318082e-03
 5.839940124272e-03
-6.151430306431e-03
-9.239596437748e-03
-7.354649202002e-03
 1.448884834385e-03
 1.007937714865e-02
-1.718235960076e-02
 5.580646637782e-03
 2.832321245933e-02
 1.046834872669e-02
-3.109707951710e-03
 4.362396343242e-03
 1.283881103557e-02
 1.540472941926e-02
-5.159717846907e-03
 1.976956366872e-02
-1.912612453845e-02
 1.125453168174e-03
-1.738056672895e-03
 5.356773357539e-03
 1.267166830066e-02
-7.398844454423e-03
 2.876352308667e-02
-4.848059451208e-02

# reverse_gradient_gap_unit_vector = normalized(g_LS - g_HS)
-8.299946150097e-02
-1.884242547417e-02
 2.010517425725e-01
 3.863332052127e-01
 2.732459589735e-01
 1.282475521000e-01
-7.937812856328e-02
-3.518041905971e-03
 2.619131553395e-01
-2.264089993488e-01
-6.394720485175e-02
-5.991138905702e-01
-1.545546628119e-01
-4.589567646739e-02
-4.565783721726e-03
 5.318412328219e-03
 5.621404843779e-03
-7.572258531426e-03
 9.912683997108e-02
-5.796437276707e-02
 8.530831848580e-02
-2.930537647651e-03
 1.789604667854e-03
-2.952917886770e-04
 2.863410782473e-03
 3.160990703257e-02
-1.790482927105e-02
-4.829474474348e-03
-2.531394201602e-02
-6.808035469014e-03
 1.116489846833e-01
 6.161012402345e-02
-4.494750694147e-02
 1.749720516350e-02
-1.032882705864e-02
 3.986817197953e-02
-7.087393965480e-02
-1.566516397911e-02
-1.649071565792e-02
 1.951535662019e-02
 7.140860981041e-03
-1.498179627473e-03
-2.533546892464e-02
-1.495579872994e-02
-3.786786644711e-02
 4.827975285941e-03
-3.463607928102e-03
 1.013375773360e-02
-3.135124842046e-02
-9.171453905375e-02
-2.364630308838e-01
 4.352262542892e-03
-5.023078698721e-04
 2.680421428911e-01
 3.177104404612e-02
 1.129847666455e-02
-2.574587804408e-02
 1.064997849056e-02
-1.203713464931e-02
-1.609375318082e-03
-5.839940124272e-03
 6.151430306431e-03
 9.239596437748e-03
 7.354649202002e-03
-1.448884834385e-03
-1.007937714865e-02
 1.718235960076e-02
-5.580646637782e-03
-2.832321245933e-02
-1.046834872669e-02
 3.109707951710e-03
-4.362396343242e-03
-1.283881103557e-02
-1.540472941926e-02
 5.159717846907e-03
-1.976956366872e-02
 1.912612453845e-02
-1.125453168174e-03
 1.738056672895e-03
-5.356773357539e-03
-1.267166830066e-02
 7.398844454423e-03
-2.876352308667e-02
 4.848059451208e-02
