Linear Cartesian interpolation scan
jobname = NiFe_hydrogenase
charge = -2
multiplicities = [1, 3]
method = PBE
basis = def2-TZVP
n_interp = 10

index  lambda      E_mult_a_Eh        E_mult_b_Eh        gap_cm1        abs_gap_cm1      gap_kcal
    1    0.000000  -4822.340981842188  -4822.296492019573    -9764.386023     9764.386023      -27.917785
    2    0.111111  -4822.288190261747  -4822.244203899792    -9653.889196     9653.889196      -27.601859
    3    0.222222  -4822.136705106693  -4822.096303893815    -8867.040036     8867.040036      -25.352144
    4    0.333333  -4821.936688530885  -4821.900930501460    -7847.979205     7847.979205      -22.438502
    5    0.444444  -4821.789673443992  -4821.762042442566    -6064.302986     6064.302986      -17.338715
    6    0.555556  -4821.788314079143  -4821.769193148582    -4196.558586     4196.558586      -11.998565
    7    0.666667  -4821.930129199495  -4821.918216954595    -2614.435185     2614.435185       -7.475047
    8    0.777778  -4822.120723753676  -4822.116915127875     -835.896624      835.896624       -2.389949
    9    0.888889  -4822.261020264813  -4822.266324258696     1164.091936     1164.091936        3.328306
   10    1.000000  -4822.304203090728  -4822.318143003621     3059.456806     3059.456806        8.747427
