Linear Cartesian interpolation scan
jobname = Ni_Fe
charge = -2
multiplicities = [1, 3]
method = PBE
basis = def2-TZVP
n_interp = 10

index  lambda      E_mult_a_Eh        E_mult_b_Eh        gap_cm1        abs_gap_cm1      gap_kcal
    1    0.000000  -4822.340982622310  -4822.296550156553    -9751.797649     9751.797649      -27.881793
    2    0.111111  -4822.288010620747  -4822.244137179244    -9629.106024     9629.106024      -27.531000
    3    0.222222  -4822.135989711715  -4822.095725339474    -8837.006992     8837.006992      -25.266275
    4    0.333333  -4821.935167613449  -4821.899542595653    -7818.786531     7818.786531      -22.355036
    5    0.444444  -4821.787516980703  -4821.759995124189    -6040.348450     6040.348450      -17.270226
    6    0.555556  -4821.786173639862  -4821.767141587926    -4177.051986     4177.051986      -11.942793
    7    0.666667  -4821.928649859166  -4821.916808989591    -2598.770114     2598.770114       -7.430258
    8    0.777778  -4822.120052180977  -4822.116287779792     -826.190444      826.190444       -2.362197
    9    0.888889  -4822.260867135758  -4822.266188439862     1167.891090     1167.891090        3.339169
   10    1.000000  -4822.304203189330  -4822.318143008832     3059.436309     3059.436309        8.747369
