Fe     0.532521974633     0.061715425138    -0.196572879003
S      0.977851631236    -2.102811983103     0.425925068485
S      1.821938846069     0.833116016260     1.559732298663
S     -1.645221198636    -0.243030428850    -0.718589991030
S      0.994715375112     1.597247843410    -1.795856199242
C     -2.288610375481     0.950549777269    -1.966623396415
H     -1.522986712961     1.154125674160    -2.731742615382
H     -3.187703044335     0.535691735870    -2.459825494764
H     -2.560714058053     1.914230807351    -1.502953971010
C      0.354603993693    -3.192360147910    -0.919568991885
H      0.331532340442    -4.246099068878    -0.581015601800
H     -0.660761994149    -2.877196988167    -1.205923414508
H      0.994573363140    -3.131268082706    -1.817502698080
C      1.313678073936     2.588396970624     1.756801905736
H      0.244232219587     2.662021637326     2.016452777300
H      1.904322268785     3.069082787073     2.560789955050
H      1.463099681759     3.145073974877     0.817555210546
C      2.780934024996     2.040092993835    -1.672658815711
H      3.395493170894     1.385852118106    -2.315242007848
H      2.948776911573     3.086792214279    -1.987854137359
H      3.110088547761     1.906391964028    -0.629476911744
