Fe     0.532520969413     0.061711499476    -0.196580875064
S      0.977846938683    -2.102814985625     0.425926131189
S      1.821937540462     0.833108769762     1.559723756594
S     -1.645217464704    -0.243039204434    -0.718609440033
S      0.994722228777     1.597237368652    -1.795866162423
C     -2.288609586645     0.950558255357    -1.966625027531
H     -1.522993273761     1.154132553056    -2.731751914913
H     -3.187712734219     0.535713000337    -2.459818552332
H     -2.560696641078     1.914238243748    -1.502944334002
C      0.354613623089    -3.192363753637    -0.919574505602
H      0.331536301077    -4.246102386047    -0.581020751393
H     -0.660748312505    -2.877198410905    -1.205941104460
H      0.994593926627    -3.131273168668    -1.817500445398
C      1.313666475111     2.588385707581     1.756806515924
H      0.244219526201     2.662002229348     2.016454467726
H      1.904305639037     3.069067213882     2.560800825306
H      1.463088056526     3.145071578101     0.817565130132
C      2.780935344624     2.040103092954    -1.672651904704
H      3.395507748692     1.385877442196    -2.315239068400
H      2.948767844060     3.086808057155    -1.987834317641
H      3.110080890540     1.906392137707    -0.629468332972
