DFT Engrad gradients extracted at MECP
Workflow mode = MECP_ONLY
Run mode = CLUSTER
Engrad method = PBE
Basis = def2-TZVP
Charge = -2
Multiplicities = [1, 3]

Low-spin multiplicity  = 1 (singlet)
High-spin multiplicity = 3 (triplet)

||g_LS||        = 3.271068316523e-02 Eh/Bohr
||g_HS||        = 6.101952967211e-03 Eh/Bohr
CARTESIAN_GEOMETRIC_MEAN_GRADIENT_EH_PER_BOHR = 1.412795279577e-02 Eh/Bohr
||g_LS-g_HS|| = 3.869426932321e-02 Eh/Bohr
GRADIENT_GAP_NORM_EH_PER_BOHR = 3.869426932321e-02 Eh/Bohr

Remote Engrad files:
  mult 1: /home/barzinmehrh/Spin_Inversion_NiFe_hydrogenase/Engrad/NiFe_hydrogenase_Engrad_singlet.engrad
  mult 3: /home/barzinmehrh/Spin_Inversion_NiFe_hydrogenase/Engrad/NiFe_hydrogenase_Engrad_triplet.engrad

# g_singlet
-0.002919628513
-0.000741374131
 0.006678461474
 0.012635450871
 0.008861713641
 0.004252629790
-0.002793942577
-0.000072724245
 0.008401311601
-0.007240942300
-0.002062329672
-0.019598614855
-0.004943755878
-0.001468591366
-0.000144453659
 0.000151676237
 0.000164497466
-0.000243007145
 0.003186850598
-0.001892658340
 0.002757613590
-0.000076136335
 0.000056262225
-0.000014866193
 0.000115744635
 0.001037295842
-0.000583972798
-0.000167048462
-0.000822488617
-0.000228376191
 0.003716893049
 0.002006130128
-0.001556163622
 0.000632182224
-0.000336058035
 0.001360944142
-0.002262593078
-0.000432387507
-0.000521204445
 0.000624201545
 0.000215095569
-0.000065462846
-0.000829610710
-0.000468301505
-0.001181046172
 0.000163791028
-0.000122224398
 0.000319653088
-0.001010495756
-0.002935154635
-0.007660058847
-0.000101441405
-0.000044776232
 0.008924961000
 0.001543482472
 0.000582168316
-0.000956195858
 0.000318742928
-0.000432361259
-0.000100845061
-0.000620512200
 0.000035316957
 0.000484755212
 0.000181245563
-0.000121308480
-0.000362814490
 0.000891972032
-0.000414364156
-0.000889464446
-0.000244993468
 0.000197893925
-0.000149218772
-0.000543180098
-0.000289843261
-0.000094121724
-0.000672511680
 0.000626232667
-0.000003540468
 0.000037156424
-0.000171368354
-0.000412173282
 0.000227403071
-0.000954292583
 0.001585271007

# g_triplet
 0.000291975004
-0.000012280245
-0.001101088801
-0.002313430220
-0.001711339087
-0.000709815531
 0.000277536108
 0.000063403816
-0.001733226571
 0.001519788498
 0.000412060695
 0.003583659382
 0.001036623870
 0.000307308300
 0.000032216006
-0.000054115842
-0.000053018687
 0.000049995866
-0.000648790045
 0.000350230711
-0.000543329461
 0.000037258678
-0.000012985220
-0.000003440093
 0.000004947047
-0.000185826414
 0.000108841488
 0.000019824524
 0.000157015873
 0.000035055767
-0.000603282834
-0.000377828604
 0.000183047317
-0.000044859345
 0.000063608381
-0.000181725642
 0.000479822231
 0.000173764567
 0.000116891748
-0.000130930920
-0.000061214829
-0.000007491880
 0.000150726748
 0.000110402199
 0.000284223251
-0.000023023948
 0.000011797380
-0.000072465263
 0.000202617894
 0.000613672440
 0.001489705355
-0.000269849024
-0.000025339796
-0.001446733867
 0.000314125137
 0.000144982017
 0.000040022081
-0.000093350208
 0.000033406871
-0.000038571459
-0.000394539984
-0.000202708144
 0.000127235779
-0.000103337214
-0.000065244940
 0.000027199644
 0.000227113182
-0.000198425112
 0.000206481565
 0.000160071637
 0.000077566048
 0.000019580967
-0.000046391686
 0.000306231488
-0.000293773236
 0.000092457141
-0.000113838747
 0.000040008120
-0.000030096409
 0.000035908077
 0.000078147664
-0.000058889809
 0.000158690926
-0.000290650174

# surface_gradient_difference_cart = g_LS - g_HS
-0.003211603517
-0.000729093886
 0.007779550275
 0.014948881091
 0.010573052728
 0.004962445321
-0.003071478685
-0.000136128061
 0.010134538172
-0.008760730798
-0.002474390367
-0.023182274237
-0.005980379748
-0.001775899666
-0.000176669665
 0.000205792079
 0.000217516153
-0.000293003011
 0.003835640643
-0.002242889051
 0.003300943051
-0.000113395013
 0.000069247445
-0.000011426100
 0.000110797588
 0.001223122256
-0.000692814286
-0.000186872986
-0.000979504490
-0.000263431958
 0.004320175883
 0.002383958732
-0.001739210939
 0.000677041569
-0.000399666416
 0.001542669784
-0.002742415309
-0.000606152074
-0.000638096193
 0.000755132465
 0.000276310398
-0.000057970966
-0.000980337458
-0.000578703704
-0.001465269423
 0.000186814976
-0.000134021778
 0.000392118351
-0.001213113650
-0.003548827075
-0.009149764202
 0.000168407619
-0.000019436436
 0.010371694867
 0.001229357335
 0.000437186299
-0.000996217939
 0.000412093136
-0.000465768130
-0.000062273602
-0.000225972216
 0.000238025101
 0.000357519433
 0.000284582777
-0.000056063540
-0.000390014134
 0.000664858850
-0.000215939044
-0.001095946011
-0.000405065105
 0.000120327877
-0.000168799739
-0.000496788412
-0.000596074749
 0.000199651512
-0.000764968821
 0.000740071414
-0.000043548588
 0.000067252833
-0.000207276431
-0.000490320946
 0.000286292880
-0.001112983509
 0.001875921181

# reverse_surface_gradient_difference_cart = g_HS - g_LS
 0.003211603517
 0.000729093886
-0.007779550275
-0.014948881091
-0.010573052728
-0.004962445321
 0.003071478685
 0.000136128061
-0.010134538172
 0.008760730798
 0.002474390367
 0.023182274237
 0.005980379748
 0.001775899666
 0.000176669665
-0.000205792079
-0.000217516153
 0.000293003011
-0.003835640643
 0.002242889051
-0.003300943051
 0.000113395013
-0.000069247445
 0.000011426100
-0.000110797588
-0.001223122256
 0.000692814286
 0.000186872986
 0.000979504490
 0.000263431958
-0.004320175883
-0.002383958732
 0.001739210939
-0.000677041569
 0.000399666416
-0.001542669784
 0.002742415309
 0.000606152074
 0.000638096193
-0.000755132465
-0.000276310398
 0.000057970966
 0.000980337458
 0.000578703704
 0.001465269423
-0.000186814976
 0.000134021778
-0.000392118351
 0.001213113650
 0.003548827075
 0.009149764202
-0.000168407619
 0.000019436436
-0.010371694867
-0.001229357335
-0.000437186299
 0.000996217939
-0.000412093136
 0.000465768130
 0.000062273602
 0.000225972216
-0.000238025101
-0.000357519433
-0.000284582777
 0.000056063540
 0.000390014134
-0.000664858850
 0.000215939044
 0.001095946011
 0.000405065105
-0.000120327877
 0.000168799739
 0.000496788412
 0.000596074749
-0.000199651512
 0.000764968821
-0.000740071414
 0.000043548588
-0.000067252833
 0.000207276431
 0.000490320946
-0.000286292880
 0.001112983509
-0.001875921181

# gradient_difference_unit_vector
-0.082999461501
-0.018842425474
 0.201051742572
 0.386333205213
 0.273245958974
 0.128247552100
-0.079378128563
-0.003518041906
 0.261913155340
-0.226408999349
-0.063947204852
-0.599113890570
-0.154554662812
-0.045895676467
-0.004565783722
 0.005318412328
 0.005621404844
-0.007572258531
 0.099126839971
-0.057964372767
 0.085308318486
-0.002930537648
 0.001789604668
-0.000295291789
 0.002863410782
 0.031609907033
-0.017904829271
-0.004829474474
-0.025313942016
-0.006808035469
 0.111648984683
 0.061610124023
-0.044947506941
 0.017497205164
-0.010328827059
 0.039868171980
-0.070873939655
-0.015665163979
-0.016490715658
 0.019515356620
 0.007140860981
-0.001498179627
-0.025335468925
-0.014955798730
-0.037867866447
 0.004827975286
-0.003463607928
 0.010133757734
-0.031351248420
-0.091714539054
-0.236463030884
 0.004352262543
-0.000502307870
 0.268042142891
 0.031771044046
 0.011298476665
-0.025745878044
 0.010649978491
-0.012037134649
-0.001609375318
-0.005839940124
 0.006151430306
 0.009239596438
 0.007354649202
-0.001448884834
-0.010079377149
 0.017182359601
-0.005580646638
-0.028323212459
-0.010468348727
 0.003109707952
-0.004362396343
-0.012838811036
-0.015404729419
 0.005159717847
-0.019769563669
 0.019126124538
-0.001125453168
 0.001738056673
-0.005356773358
-0.012671668301
 0.007398844454
-0.028763523087
 0.048480594512

# MECP_seam_normal_cart = normalized(g_HS - g_LS)
 0.082999461501
 0.018842425474
-0.201051742572
-0.386333205213
-0.273245958974
-0.128247552100
 0.079378128563
 0.003518041906
-0.261913155340
 0.226408999349
 0.063947204852
 0.599113890570
 0.154554662812
 0.045895676467
 0.004565783722
-0.005318412328
-0.005621404844
 0.007572258531
-0.099126839971
 0.057964372767
-0.085308318486
 0.002930537648
-0.001789604668
 0.000295291789
-0.002863410782
-0.031609907033
 0.017904829271
 0.004829474474
 0.025313942016
 0.006808035469
-0.111648984683
-0.061610124023
 0.044947506941
-0.017497205164
 0.010328827059
-0.039868171980
 0.070873939655
 0.015665163979
 0.016490715658
-0.019515356620
-0.007140860981
 0.001498179627
 0.025335468925
 0.014955798730
 0.037867866447
-0.004827975286
 0.003463607928
-0.010133757734
 0.031351248420
 0.091714539054
 0.236463030884
-0.004352262543
 0.000502307870
-0.268042142891
-0.031771044046
-0.011298476665
 0.025745878044
-0.010649978491
 0.012037134649
 0.001609375318
 0.005839940124
-0.006151430306
-0.009239596438
-0.007354649202
 0.001448884834
 0.010079377149
-0.017182359601
 0.005580646638
 0.028323212459
 0.010468348727
-0.003109707952
 0.004362396343
 0.012838811036
 0.015404729419
-0.005159717847
 0.019769563669
-0.019126124538
 0.001125453168
-0.001738056673
 0.005356773358
 0.012671668301
-0.007398844454
 0.028763523087
-0.048480594512
