Mn    -2.199993180786     1.752897446185    -0.820226152108
C     -2.339268093044    -0.140371435916    -0.820237346698
C     -2.287450581680     1.752901098424    -3.276775122921
C     -2.287464955955     1.752901561004     1.636261075416
C     -2.339269759048     3.646166120304    -0.820236858164
C     -0.231153090275     1.752897157758    -0.820246412825
O      0.901026047781     1.752895205882    -0.820256074231
O     -2.452840730256    -1.271355405095    -0.820244362595
O     -2.771657132408     1.752911851447    -4.292174352701
O     -2.452841509801     4.777150224026    -0.820243440041
O     -2.771643194027     1.752912660108     2.651674068665
Br    -4.662498540500     1.752890515871    -0.820260701795
