Mn    -2.180522437246     1.752896927373    -0.820239977111
C     -2.317673939174    -0.141759012157    -0.820243819956
C     -2.349896163962     1.752902264969    -3.111019725593
C     -2.349899286999     1.752902345172     1.470516001933
C     -2.317677674758     3.647552165278    -0.820242908767
C     -0.208455510742     1.752895121372    -0.820245185044
O      0.924025621291     1.752891803581    -0.820247225105
O     -2.427668306272    -1.272382684733    -0.820244844322
O     -2.782943355483     1.752914188235    -4.150486596264
O     -2.427675249473     4.778175606659    -0.820243542772
O     -2.782931940743     1.752915755632     2.509989088914
Br    -4.673736476438     1.752892518619    -0.820256945914
