Linear Cartesian interpolation scan
jobname = Mn_byp_Br_CO3_zero_singlet_triplet
charge = 0
multiplicities = [1, 3]
method = B3lyp D3
basis = def2-TZVP
n_interp = 10

index  lambda      E_mult_a_Eh        E_mult_b_Eh        gap_cm1        abs_gap_cm1      gap_kcal
    1    0.000000  -4560.436343390488  -4560.353591696206   -18161.895002    18161.895002      -51.927472
    2    0.111111  -4560.436030923527  -4560.356411102937   -17474.528276    17474.528276      -49.962192
    3    0.222222  -4560.435128521996  -4560.359074956743   -16691.825813    16691.825813      -47.724333
    4    0.333333  -4560.433704610788  -4560.361517013576   -15843.344023    15843.344023      -45.298401
    5    0.444444  -4560.431815524841  -4560.363685272763   -14952.859823    14952.859823      -42.752379
    6    0.555556  -4560.429502558432  -4560.365537355292   -14038.737373    14038.737373      -40.138771
    7    0.666667  -4560.426793571761  -4560.367037258608   -13114.992927    13114.992927      -37.497653
    8    0.777778  -4560.423699490711  -4560.368145799313   -12192.624198    12192.624198      -34.860468
    9    0.888889  -4560.420209119748  -4560.368812146214   -11280.330208    11280.330208      -32.252088
   10    1.000000  -4560.416292427479  -4560.368973976189   -10385.198169    10385.198169      -29.692776
