Linear Cartesian interpolation scan
jobname = Mn_by
charge = 0
multiplicities = [1, 3]
method = B3lyp D3
basis = def2-TZVP
n_interp = 10

index  lambda      E_mult_a_Eh        E_mult_b_Eh        gap_cm1        abs_gap_cm1      gap_kcal
    1    0.000000  -4560.436343380373  -4560.353592344335   -18161.750534    18161.750534      -51.927059
    2    0.111111  -4560.436030895549  -4560.356411821492   -17474.364431    17474.364431      -49.961723
    3    0.222222  -4560.435128483012  -4560.359075702958   -16691.653481    16691.653481      -47.723840
    4    0.333333  -4560.433704677536  -4560.361517734097   -15843.200537    15843.200537      -45.297991
    5    0.444444  -4560.431815589404  -4560.363685919779   -14952.731989    14952.731989      -42.752013
    6    0.555556  -4560.429502625249  -4560.365537882682   -14038.636289    14038.636289      -40.138482
    7    0.666667  -4560.426793600643  -4560.367037632100   -13114.917294    13114.917294      -37.497436
    8    0.777778  -4560.423699472135  -4560.368146012322   -12192.573371    12192.573371      -34.860322
    9    0.888889  -4560.420209081252  -4560.368812236999   -11280.301834    11280.301834      -32.252007
   10    1.000000  -4560.416292450187  -4560.368974042751   -10385.188545    10385.188545      -29.692749
