Linear Cartesian interpolation scan
jobname = Rubredoxin_minus2_singlet_quintet
charge = -2
multiplicities = [1, 5]
method = PBE
basis = def2-TZVP
n_interp = 10

index  lambda      E_mult_a_Eh        E_mult_b_Eh        gap_cm1        abs_gap_cm1      gap_kcal
    1    0.000000  -3015.172265457383  -3015.187965538811     3445.769091     3445.769091        9.851950
    2    0.111111  -3015.171625364737  -3015.194150819735     4943.765226     4943.765226       14.134936
    3    0.222222  -3015.169864800947  -3015.199455297204     6494.362330     6494.362330       18.568317
    4    0.333333  -3015.167196383838  -3015.204013525974     8080.427543     8080.427543       23.103105
    5    0.444444  -3015.163799636543  -3015.207925283638     9684.458746     9684.458746       27.689262
    6    0.555556  -3015.159813630083  -3015.211248422050    11288.630393    11288.630393       32.275819
    7    0.666667  -3015.155329200926  -3015.213990698598    12874.708737    12874.708737       36.810646
    8    0.777778  -3015.150384854064  -3015.216102844998    14423.429773    14423.429773       41.238662
    9    0.888889  -3015.144979011517  -3015.217482466697    15912.666824    15912.666824       45.496605
   10    1.000000  -3015.139340977902  -3015.217981099906    17259.509321    17259.509321       49.347422
