Linear Cartesian interpolation scan
jobname = Sing_Q_negative_2
charge = -2
multiplicities = [1, 5]
method = PBE
basis = def2-TZVP
n_interp = 10

index  lambda      E_mult_a_Eh        E_mult_b_Eh        gap_cm1        abs_gap_cm1      gap_kcal
    1    0.000000  -3015.172265457364  -3015.187965543797     3445.770190     3445.770190        9.851953
    2    0.111111  -3015.171625288167  -3015.194151102740     4943.844143     4943.844143       14.135162
    3    0.222222  -3015.169864553331  -3015.199455662329     6494.496811     6494.496811       18.568701
    4    0.333333  -3015.167195945530  -3015.204013859647     8080.596974     8080.596974       23.103590
    5    0.444444  -3015.163799045686  -3015.207925541776     9684.645079     9684.645079       27.689794
    6    0.555556  -3015.159812963230  -3015.211248613867    11288.818849    11288.818849       32.276358
    7    0.666667  -3015.155328544546  -3015.213990859498    12874.888109    12874.888109       36.811158
    8    0.777778  -3015.150384266313  -3015.216102994022    14423.591477    14423.591477       41.239124
    9    0.888889  -3015.144978501622  -3015.217482579797    15912.803556    15912.803556       45.496996
   10    1.000000  -3015.139340711582  -3015.217981101701    17259.568165    17259.568165       49.347590
