Step 6 effective-Hessian projected MECP frequencies

[REAL_CM-1]
81.087024773481
82.230343744946
110.022335985859
121.856337382955
240.018532205066
286.354183345989
302.395430090988
341.649472431190
370.456511539303
436.054954381364
551.547406183780
719.180785891091
975.907226885646
1383.647886510354
1405.087974584899
2163.428574665537
3035.445210687606
3137.736370327586
3202.482551863492
3772.366127203510

[IMAG_CM-1]

[ZERO_CM-1]
0.000000000000
0.000000000000
0.000000000000
0.000000000000
0.000000000000
0.000000000000
0.000000000000
