Step 6 reaction-coordinate vectors

# reaction_direction_hessian_cart
 1.095796553668e-01
 1.400630249876e-03
-6.244071957581e-02
 2.703962602525e-02
-4.656787543214e-02
-2.476869042380e-02
-1.167833082694e-01
 3.330764910677e-01
 1.438492268180e-01
-1.209271684278e-01
-4.346853826355e-01
 3.557089479013e-02
 8.742684803243e-02
-1.177352988396e-02
 2.009795180292e-02
-5.763441285326e-01
-3.219929288372e-02
-5.108064936066e-01
-1.114713188345e-01
 1.172568201878e-01
-3.257132821696e-02
 2.795949755418e-03
-1.488901351941e-02
 4.999504479074e-03
-1.069017424206e-02
-1.391641201454e-02
 1.871862604492e-02

# reaction_direction_hessian_mw
 2.958986389706e-01
 3.782130754582e-03
-1.686090714282e-01
 2.115214430414e-02
-3.642840400817e-02
-1.937567160062e-02
-9.135545685881e-02
 2.605539735202e-01
 1.125281688752e-01
-9.459705228496e-02
-3.400390202076e-01
 2.782585450426e-02
 2.724674920544e-01
-3.669243753267e-02
 6.263566222976e-02
-4.508536532340e-01
-2.518836942980e-02
-3.995858764529e-01
-3.010067098402e-01
 3.166293358694e-01
-8.795256433870e-02
 8.713632424287e-03
-4.640190358105e-02
 1.558105407646e-02
-6.381207572045e-02
-8.307022103853e-02
 1.117357262393e-01

# n_cart = g_HS - g_LS normalized
 3.860599040807e-01
 4.889427391497e-03
-2.202030561811e-01
 8.001217568304e-03
-1.376282874417e-02
-7.349264629151e-03
-3.454808204801e-02
 9.847907857522e-02
 4.251381513829e-02
-3.576310801484e-02
-1.285450731493e-01
 1.051373181104e-02
 4.104409181623e-01
-5.528022947351e-02
 9.484050513992e-02
-1.704185471200e-01
-9.521972871959e-03
-1.510045069810e-01
-3.927237752884e-01
 4.131932317277e-01
-1.148498218480e-01
 1.320568988905e-02
-6.979800595135e-02
 2.325445881441e-02
-1.839163083649e-01
-2.396663300321e-01
 3.226041831338e-01

# n_cart_NAST = g_LS - g_HS normalized
-3.860599040807e-01
-4.889427391497e-03
 2.202030561811e-01
-8.001217568304e-03
 1.376282874417e-02
 7.349264629151e-03
 3.454808204801e-02
-9.847907857522e-02
-4.251381513829e-02
 3.576310801484e-02
 1.285450731493e-01
-1.051373181104e-02
-4.104409181623e-01
 5.528022947351e-02
-9.484050513992e-02
 1.704185471200e-01
 9.521972871959e-03
 1.510045069810e-01
 3.927237752884e-01
-4.131932317277e-01
 1.148498218480e-01
-1.320568988905e-02
 6.979800595135e-02
-2.325445881441e-02
 1.839163083649e-01
 2.396663300321e-01
-3.226041831338e-01
