Step 6 reaction-coordinate vectors

# reaction_direction_hessian_cart
 1.098734984275e-01
-6.702790369002e-04
-6.262289684937e-02
 2.976371345333e-02
-5.135094553609e-02
-2.188694191471e-02
-1.212691969639e-01
 3.399526362049e-01
 1.436954351836e-01
-1.201993657279e-01
-4.321114491982e-01
 3.266721345783e-02
 8.701363981682e-02
-1.199814284150e-02
 1.975805564860e-02
-5.763137967256e-01
-3.077791806238e-02
-5.074294106275e-01
-1.116070101581e-01
 1.173485197883e-01
-3.231054692291e-02
 2.765127871381e-03
-1.484166933107e-02
 5.045175510119e-03
-1.058426500621e-02
-1.356762799074e-02
 1.872776208863e-02

# reaction_direction_hessian_mw
 2.967422286634e-01
-1.810264514035e-03
-1.691295739409e-01
 2.328703514125e-02
-4.017681715389e-02
-1.712427403595e-02
-9.488063563298e-02
 2.659778659030e-01
 1.124268533899e-01
-9.404360306222e-02
-3.380826293128e-01
 2.555872434910e-02
 2.712255338477e-01
-3.739876534550e-02
 6.158677194018e-02
-4.509060893151e-01
-2.408054561529e-02
-3.970111637957e-01
-3.014240322076e-01
 3.169304863385e-01
-8.726311476798e-02
 8.619031276607e-03
-4.626216873567e-02
 1.572604506567e-02
-6.319055312147e-02
-8.100193228144e-02
 1.118091472968e-01

# gradient_gap_unit_vector = normalized(g_HS - g_LS)
 3.878124587262e-01
-2.413340742545e-03
-2.212428925757e-01
 8.822859827019e-03
-1.520577971818e-02
-6.507865585359e-03
-3.594100080496e-02
 1.006992515365e-01
 4.254817135874e-02
-3.561408970119e-02
-1.280213534769e-01
 9.673830573265e-03
 4.092593602656e-01
-5.644253932869e-02
 9.341233168005e-02
-1.707258420997e-01
-9.118841478915e-03
-1.502850290830e-01
-3.939327390718e-01
 4.142814233785e-01
-1.141376073791e-01
 1.308302027537e-02
-6.970850858653e-02
 2.351986847285e-02
-1.824309606354e-01
-2.341014961805e-01
 3.233781054550e-01

# reverse_gradient_gap_unit_vector = normalized(g_LS - g_HS)
-3.878124587262e-01
 2.413340742545e-03
 2.212428925757e-01
-8.822859827019e-03
 1.520577971818e-02
 6.507865585359e-03
 3.594100080496e-02
-1.006992515365e-01
-4.254817135874e-02
 3.561408970119e-02
 1.280213534769e-01
-9.673830573265e-03
-4.092593602656e-01
 5.644253932869e-02
-9.341233168005e-02
 1.707258420997e-01
 9.118841478915e-03
 1.502850290830e-01
 3.939327390718e-01
-4.142814233785e-01
 1.141376073791e-01
-1.308302027537e-02
 6.970850858653e-02
-2.351986847285e-02
 1.824309606354e-01
 2.341014961805e-01
-3.233781054550e-01
