Step 6 effective-Hessian projected MECP frequencies

[REAL_CM-1]
81.984595726895
107.174569143913
111.326007447528
122.111678518206
239.510371816122
287.250684815442
300.685694322398
339.258455734136
374.995426043277
432.989049693272
549.934979385144
717.788058542643
977.550722457147
1383.751377667663
1407.492047606332
2162.803044698228
3035.690951709516
3136.412788513833
3202.771579207189
3773.140885212481

[IMAG_CM-1]

[ZERO_CM-1]
0.000000000000
0.000000000000
0.000000000000
0.000000000000
0.000000000000
0.000000000000
0.000000000000
