Step 6 reaction-coordinate vectors

# reaction_direction_hessian_cart
-1.890651546353e-02
 1.366974323239e-02
 1.318224323690e-02
-4.345398573687e-02
 1.257659245169e-01
 2.478148026681e-03
-1.591185549422e-02
-7.122123703066e-02
-1.071376674992e-01
 1.958919530737e-01
-5.194690977695e-02
-4.211056712153e-02
-1.003766823464e-01
-5.883696638511e-02
 1.191577847841e-01
-6.781774973290e-03
 4.308470690613e-02
 2.678833813681e-02
 9.969885506051e-02
-2.123210050756e-01
-3.391450973636e-02
-1.714701055229e-01
 1.120048270323e-01
 7.526449852624e-03
 1.205124154499e-01
 1.683478950613e-01
-6.899008808085e-02
-4.560801115552e-02
 3.177167223858e-02
-2.980258093913e-02
 1.878689583858e-01
 9.040051483680e-02
 3.192303451802e-01
-1.890117576934e-01
 1.723106569627e-01
 8.841425973971e-03
-9.501801811889e-03
-9.631887655248e-02
 1.079649196765e-01
-2.247918444330e-02
 2.115106623946e-02
-6.534463796312e-02
 1.801740122285e-02
 1.546818208364e-02
 1.958556101719e-02
 2.068726063690e-01
-3.771551145664e-01
-5.190930177352e-02
-4.957105601079e-02
-6.672419625375e-03
-1.651274507947e-01
 6.646168825534e-02
-3.004372412902e-02
 7.720187955888e-02
 6.291764613003e-02
 1.867842056618e-01
-2.539305320340e-01
-3.519696323263e-01
 1.710488028235e-01
 5.587246594459e-02
 7.351694130095e-02
 2.149054776509e-02
 9.738520282474e-02

# reaction_direction_hessian_mw
-6.612755298460e-02
 4.781138394481e-02
 4.610630075040e-02
-1.151569587388e-01
 3.332909774501e-01
 6.567314487222e-03
-4.216784388207e-02
-1.887426645678e-01
-2.839244259500e-01
 5.191312413546e-01
-1.376639690089e-01
-1.115967789433e-01
-2.660072090350e-01
-1.559232368547e-01
 3.157788146036e-01
-1.100048337668e-02
 6.988621769028e-02
 4.345243974083e-02
 4.684888371442e-02
-9.977047450424e-02
-1.593656137682e-02
-8.057447629930e-02
 5.263150829470e-02
 3.536708357523e-03
 5.662925751887e-02
 7.910733733608e-02
-3.241871345449e-02
-7.397918252015e-02
 5.153573418260e-02
-4.834173907187e-02
 8.828036169146e-02
 4.247955710968e-02
 1.500075934712e-01
-8.881736757620e-02
 8.096945472344e-02
 4.154620803547e-03
-4.464934004433e-03
-4.526061853340e-02
 5.073313995522e-02
-3.646271009634e-02
 3.430841534592e-02
-1.059932844277e-01
 8.466447625834e-03
 7.268559536316e-03
 9.203332074568e-03
 9.721025054499e-02
-1.772266701949e-01
-2.439238485746e-02
-2.329363398648e-02
-3.135396198214e-03
-7.759403792194e-02
 1.078052131954e-01
-4.873288912658e-02
 1.252265072316e-01
 2.956524912289e-02
 8.777063212441e-02
-1.193229547078e-01
-1.653919131353e-01
 8.037650450555e-02
 2.625469127291e-02
 3.454589956883e-02
 1.009849283219e-02
 4.576168943839e-02

# n_cart = g_HS - g_LS normalized
-9.868165756370e-02
 7.134790246904e-02
 6.880326409557e-02
-1.302314347707e-01
 3.768255795166e-01
 7.432277837865e-03
-4.768419852370e-02
-2.134106891518e-01
-3.210255004863e-01
 5.869790314522e-01
-1.556251959672e-01
-1.261895792007e-01
-3.007521910444e-01
-1.763044985257e-01
 3.570455125177e-01
-7.604273435281e-03
 4.837959224355e-02
 3.006708617926e-02
 9.393061305327e-03
-2.000147892980e-02
-3.195505342066e-03
-1.615320889441e-02
 1.055351819384e-02
 7.085243938281e-04
 1.135453380841e-02
 1.586087143100e-02
-6.499845643241e-03
-5.121166836303e-02
 3.566138078034e-02
-3.345380985609e-02
 1.769756817299e-02
 8.515980215603e-03
 3.007487101789e-02
-1.780799133186e-02
 1.623342418902e-02
 8.329457163247e-04
-8.959488225578e-04
-9.074657085346e-03
 1.017152711062e-02
-2.522891447867e-02
 2.374539413528e-02
-7.335484526951e-02
 1.698000794448e-03
 1.457836767389e-03
 1.844947077103e-03
 1.948980564563e-02
-3.553156059733e-02
-4.890423697186e-03
-4.669209598828e-03
-6.287332833991e-04
-1.555659870928e-02
 7.461303288939e-02
-3.373740382634e-02
 8.666844531543e-02
 5.927441292018e-03
 1.759581366841e-02
-2.392238167822e-02
-3.315857487261e-02
 1.611350209987e-02
 5.264055771140e-03
 6.926796287913e-03
 2.023421622674e-03
 9.175032901318e-03

# n_cart_NAST = g_LS - g_HS normalized
 9.868165756370e-02
-7.134790246904e-02
-6.880326409557e-02
 1.302314347707e-01
-3.768255795166e-01
-7.432277837865e-03
 4.768419852370e-02
 2.134106891518e-01
 3.210255004863e-01
-5.869790314522e-01
 1.556251959672e-01
 1.261895792007e-01
 3.007521910444e-01
 1.763044985257e-01
-3.570455125177e-01
 7.604273435281e-03
-4.837959224355e-02
-3.006708617926e-02
-9.393061305327e-03
 2.000147892980e-02
 3.195505342066e-03
 1.615320889441e-02
-1.055351819384e-02
-7.085243938281e-04
-1.135453380841e-02
-1.586087143100e-02
 6.499845643241e-03
 5.121166836303e-02
-3.566138078034e-02
 3.345380985609e-02
-1.769756817299e-02
-8.515980215603e-03
-3.007487101789e-02
 1.780799133186e-02
-1.623342418902e-02
-8.329457163247e-04
 8.959488225578e-04
 9.074657085346e-03
-1.017152711062e-02
 2.522891447867e-02
-2.374539413528e-02
 7.335484526951e-02
-1.698000794448e-03
-1.457836767389e-03
-1.844947077103e-03
-1.948980564563e-02
 3.553156059733e-02
 4.890423697186e-03
 4.669209598828e-03
 6.287332833991e-04
 1.555659870928e-02
-7.461303288939e-02
 3.373740382634e-02
-8.666844531543e-02
-5.927441292018e-03
-1.759581366841e-02
 2.392238167822e-02
 3.315857487261e-02
-1.611350209987e-02
-5.264055771140e-03
-6.926796287913e-03
-2.023421622674e-03
-9.175032901318e-03
