Step 6 effective-Hessian projected MECP frequencies

[REAL_CM-1]
33.341176553368
36.553089507261
75.742877083914
84.610281136156
96.364251863694
99.136565847600
104.559157509777
109.481339527678
111.159720293685
118.028407387909
149.029409710706
169.930464744956
187.107357445969
199.780419692380
208.386511009460
233.206933078409
254.460581230174
344.209790987464
465.177132741093
618.362144462666
635.529107442574
650.095517016574
666.552819018456
784.620240631325
862.502603015508
888.830315943774
892.128961859112
895.819325081991
896.464104217852
901.476172408597
1128.863305983831
1220.804453074206
1231.494322090494
1241.500573572914
1249.008263846330
1391.037615122781
1397.182094702086
1397.529222816304
1403.296292162673
1411.863853703533
1413.828721150080
1424.429002764058
1974.385750967117
2780.558809020842
2848.546125199129
2876.501273096677
2879.742691591662
2933.312333944377
2944.575938451157
2950.617389587068
2959.941743735375
2973.474262320931
2983.542511021708
2984.399842422425
3212.991188758764

[IMAG_CM-1]
-1535.054179366070

[ZERO_CM-1]
0.000000000000
0.000000000000
0.000000000000
0.000000000000
0.000000000000
0.000000000000
0.000000000000
