Step 6 reaction-coordinate vectors

# reaction_direction_hessian_cart
-1.890651706906e-02
 1.366966352930e-02
 1.318223064734e-02
-4.345391845596e-02
 1.257659332163e-01
 2.478143936019e-03
-1.591185147990e-02
-7.122117974129e-02
-1.071377486947e-01
 1.958919637598e-01
-5.194685271831e-02
-4.211056986312e-02
-1.003766903581e-01
-5.883693747825e-02
 1.191578639133e-01
-6.781817266468e-03
 4.308472623012e-02
 2.678838384566e-02
 9.969886581389e-02
-2.123209648922e-01
-3.391460521783e-02
-1.714701977535e-01
 1.120050955877e-01
 7.525978168929e-03
 1.205124506382e-01
 1.683479385105e-01
-6.898980770926e-02
-4.560806913484e-02
 3.177168357405e-02
-2.980252829014e-02
 1.878689162379e-01
 9.040058822329e-02
 3.192303716739e-01
-1.890120943851e-01
 1.723105716253e-01
 8.841182670332e-03
-9.501710541440e-03
-9.631880952309e-02
 1.079650181194e-01
-2.247927360904e-02
 2.115106797140e-02
-6.534463439954e-02
 1.801769235134e-02
 1.546811069160e-02
 1.958563337939e-02
 2.068726427232e-01
-3.771550078948e-01
-5.190898825146e-02
-4.957093294477e-02
-6.672994111679e-03
-1.651274497449e-01
 6.646172555340e-02
-3.004379651565e-02
 7.720187447689e-02
 6.291751508494e-02
 1.867843301773e-01
-2.539305363484e-01
-3.519695189202e-01
 1.710488324426e-01
 5.587217164649e-02
 7.351639140761e-02
 2.149058484264e-02
 9.738534626295e-02

# reaction_direction_hessian_mw
-6.612755328397e-02
 4.781110133115e-02
 4.610625301050e-02
-1.151567711807e-01
 3.332909737105e-01
 6.567303118639e-03
-4.216782985382e-02
-1.887424975724e-01
-2.839246183002e-01
 5.191312279394e-01
-1.376638067313e-01
-1.115967772373e-01
-2.660072088816e-01
-1.559231477139e-01
 3.157789989171e-01
-1.100055109462e-02
 6.988624341675e-02
 4.345251039034e-02
 4.684888500119e-02
-9.977044760115e-02
-1.593660496276e-02
-8.057451316127e-02
 5.263163025875e-02
 3.536486427196e-03
 5.662926950141e-02
 7.910735139341e-02
-3.241857910057e-02
-7.397927061904e-02
 5.153574842641e-02
-4.834164978547e-02
 8.828033478895e-02
 4.247958817925e-02
 1.500075938613e-01
-8.881751864873e-02
 8.096940811376e-02
 4.154506140221e-03
-4.464890757147e-03
-4.526058339743e-02
 5.073318213539e-02
-3.646285179769e-02
 3.430841539710e-02
-1.059932701263e-01
 8.466583747605e-03
 7.268525404583e-03
 9.203365337970e-03
 9.721025981301e-02
-1.772266058219e-01
-2.439223557127e-02
-2.329357428465e-02
-3.135665899502e-03
-7.759403119066e-02
 1.078052650286e-01
-4.873300262468e-02
 1.252264889210e-01
 2.956518516748e-02
 8.777068357866e-02
-1.193229471425e-01
-1.653918465492e-01
 8.037651196205e-02
 2.625455087041e-02
 3.454563839459e-02
 1.009850944323e-02
 4.576175316167e-02

# gradient_gap_unit_vector = normalized(g_HS - g_LS)
-9.868165815135e-02
 7.134748127712e-02
 6.880319333042e-02
-1.302312203701e-01
 3.768255798475e-01
 7.432262203719e-03
-4.768417798361e-02
-2.134105008538e-01
-3.210257210259e-01
 5.869790197338e-01
-1.556250162808e-01
-1.261895734979e-01
-3.007521982605e-01
-1.763043989302e-01
 3.570457223743e-01
-7.604322271668e-03
 4.837960889349e-02
 3.006713756084e-02
 9.393061458264e-03
-2.000147381373e-02
-3.195513890171e-03
-1.615321657196e-02
 1.055354255636e-02
 7.084801602276e-04
 1.135453606344e-02
 1.586087426079e-02
-6.499818619045e-03
-5.121172907957e-02
 3.566139124498e-02
-3.345374882334e-02
 1.769756299903e-02
 8.515986558584e-03
 3.007487122673e-02
-1.780802167820e-02
 1.623341494356e-02
 8.329227697968e-04
-8.959401980903e-04
-9.074650074347e-03
 1.017153557775e-02
-2.522901131769e-02
 2.374539443382e-02
-7.335483580607e-02
 1.698028180990e-03
 1.457829897470e-03
 1.844953839100e-03
 1.948980783177e-02
-3.553154792258e-02
-4.890393796127e-03
-4.669197609777e-03
-6.287873283774e-04
-1.555659751399e-02
 7.461306710373e-02
-3.373748176449e-02
 8.666843136005e-02
 5.927428410114e-03
 1.759582419899e-02
-2.392238050901e-02
-3.315856200000e-02
 1.611350377362e-02
 5.264027497052e-03
 6.926743762869e-03
 2.023425064877e-03
 9.175045530111e-03

# reverse_gradient_gap_unit_vector = normalized(g_LS - g_HS)
 9.868165815135e-02
-7.134748127712e-02
-6.880319333042e-02
 1.302312203701e-01
-3.768255798475e-01
-7.432262203719e-03
 4.768417798361e-02
 2.134105008538e-01
 3.210257210259e-01
-5.869790197338e-01
 1.556250162808e-01
 1.261895734979e-01
 3.007521982605e-01
 1.763043989302e-01
-3.570457223743e-01
 7.604322271668e-03
-4.837960889349e-02
-3.006713756084e-02
-9.393061458264e-03
 2.000147381373e-02
 3.195513890171e-03
 1.615321657196e-02
-1.055354255636e-02
-7.084801602276e-04
-1.135453606344e-02
-1.586087426079e-02
 6.499818619045e-03
 5.121172907957e-02
-3.566139124498e-02
 3.345374882334e-02
-1.769756299903e-02
-8.515986558584e-03
-3.007487122673e-02
 1.780802167820e-02
-1.623341494356e-02
-8.329227697968e-04
 8.959401980903e-04
 9.074650074347e-03
-1.017153557775e-02
 2.522901131769e-02
-2.374539443382e-02
 7.335483580607e-02
-1.698028180990e-03
-1.457829897470e-03
-1.844953839100e-03
-1.948980783177e-02
 3.553154792258e-02
 4.890393796127e-03
 4.669197609777e-03
 6.287873283774e-04
 1.555659751399e-02
-7.461306710373e-02
 3.373748176449e-02
-8.666843136005e-02
-5.927428410114e-03
-1.759582419899e-02
 2.392238050901e-02
 3.315856200000e-02
-1.611350377362e-02
-5.264027497052e-03
-6.926743762869e-03
-2.023425064877e-03
-9.175045530111e-03
