Step 6 effective-Hessian projected MECP frequencies

[REAL_CM-1]
31.709279712281
56.478656373759
85.006846845472
89.061805010427
100.104995094394
104.502429067005
105.683394486130
115.785939824752
117.546420289694
123.090519694859
134.566673526319
164.895715159245
185.334228396348
194.706988822622
200.156126434634
214.619367015144
254.211541105986
337.675373996980
347.164600947284
620.577462125489
645.074000769733
658.684989876567
667.357859569360
860.507263031638
884.648669490125
891.932475130660
896.603827949978
898.357585825694
903.097304547354
904.861632610994
905.599212634523
1225.276192114776
1233.148125035460
1241.999616174236
1244.334406466447
1397.631957256813
1398.155451067119
1398.735532115727
1400.562120629390
1412.516886405394
1417.072818350859
1417.923781927870
1429.184667479167
2824.317796341055
2876.609047097213
2879.136241064784
2887.932002972064
2944.055747229815
2944.955992402073
2949.162785287332
2957.857245260058
2965.581129256218
2981.153202611090
2985.745723916792
2990.924882383772

[IMAG_CM-1]
-35.278353178242

[ZERO_CM-1]
0.000000000000
0.000000000000
0.000000000000
0.000000000000
0.000000000000
0.000000000000
0.000000000000
