Linear Cartesian interpolation scan
jobname = Rubredoxin_zero_triplet_quintet
charge = 0
multiplicities = [3, 5]
method = PBE
basis = def2-TZVP
n_interp = 10

index  lambda      E_mult_a_Eh        E_mult_b_Eh        gap_cm1        abs_gap_cm1      gap_kcal
    1    0.000000  -3015.224243651195  -3015.189584854618    -7606.725515     7606.725515      -21.748723
    2    0.111111  -3015.222676039016  -3015.191484672212    -6845.712753     6845.712753      -19.572878
    3    0.222222  -3015.219042769850  -3015.192384413256    -5850.832150     5850.832150      -16.728371
    4    0.333333  -3015.214821016289  -3015.193328172809    -4717.133226     4717.133226      -13.486963
    5    0.444444  -3015.211167608299  -3015.195145482278    -3516.449700     3516.449700      -10.054036
    6    0.555556  -3015.208728439316  -3015.198265675650    -2296.310871     2296.310871       -6.565483
    7    0.666667  -3015.207519739045  -3015.202554845184    -1089.668094     1089.668094       -3.115518
    8    0.777778  -3015.206930450846  -3015.207285454640       77.914316       77.914316        0.222768
    9    0.888889  -3015.205852261851  -3015.211245202778     1183.613553     1183.613553        3.384122
   10    1.000000  -3015.202876535341  -3015.212919932527     2204.270580     2204.270580        6.302327
