Linear Cartesian interpolation scan
jobname = T_Q_Zero
charge = 0
multiplicities = [3, 5]
method = PBE
basis = def2-TZVP
n_interp = 10

index  lambda      E_mult_a_Eh        E_mult_b_Eh        gap_cm1        abs_gap_cm1      gap_kcal
    1    0.000000  -3015.224243651201  -3015.189584863528    -7606.723561     7606.723561      -21.748718
    2    0.111111  -3015.222676041930  -3015.191484683217    -6845.710977     6845.710977      -19.572873
    3    0.222222  -3015.219042778831  -3015.192384428910    -5850.830686     5850.830686      -16.728367
    4    0.333333  -3015.214821031611  -3015.193328193116    -4717.132132     4717.132132      -13.486960
    5    0.444444  -3015.211167627744  -3015.195145504931    -3516.448996     3516.448996      -10.054034
    6    0.555556  -3015.208728459323  -3015.198265697057    -2296.310563     2296.310563       -6.565482
    7    0.666667  -3015.207519755937  -3015.202554861796    -1089.668156     1089.668156       -3.115518
    8    0.777778  -3015.206930462380  -3015.207285464372       77.913920       77.913920        0.222767
    9    0.888889  -3015.205852268122  -3015.211245205983     1183.612880     1183.612880        3.384120
   10    1.000000  -3015.202876539309  -3015.212919932506     2204.269705     2204.269705        6.302324
