Fe     0.535453438367     0.429661857753    -0.055656045503
S      1.936520518201    -1.363499001713     0.185713183714
S      0.848958773274     0.783729616721     2.165245672197
S     -1.542073444044     1.159751865978    -0.052436873794
S      0.925690280264     0.948250259030    -2.174281460854
C     -2.205300208534     1.647567762453    -1.703077480138
H     -2.409376296201     0.766424786275    -2.334692162307
H     -3.145500110256     2.214137091279    -1.569861698937
H     -1.476783121615     2.275494384119    -2.240924759045
C      1.439895905832    -2.511849684088    -1.158404069535
H      2.014980654200    -3.455121750121    -1.078113727224
H      0.364794227503    -2.746625723680    -1.090320409903
H      1.616935024644    -2.067607434173    -2.151750968145
C      0.236605023525     2.468460406171     2.577290045678
H     -0.785864429672     2.603127783652     2.191965946402
H      0.240409577313     2.610573679858     3.675012833735
H      0.871471409752     3.249426193647     2.122538231427
C      2.686033558824     0.584090153992    -2.604982993171
H      3.070795257764    -0.195655036472    -1.928508098509
H      2.767073572074     0.251509307545    -3.656310644931
H      3.311645428785     1.485768721770    -2.482594431156
