Step 6 reaction-coordinate vectors

# reaction_direction_hessian_cart
 1.830360665729e-01
-2.369591943738e-08
 4.898094475136e-06
-5.211119093627e-03
-2.801118817299e-02
 1.294129676060e-05
-2.560871185043e-01
 2.790315470890e-06
 3.612321023283e-01
-2.560773823680e-01
 2.568321714147e-06
-3.612910118964e-01
-5.210433067286e-03
 2.801172913302e-02
 1.268582146708e-05
-7.185775239695e-01
 7.825783643655e-07
 2.014332299182e-05
 1.354839374930e-01
-1.795770149439e-07
-4.531070838158e-06
 2.653667077593e-03
 6.040187616494e-02
-1.771406517110e-06
 1.169704498483e-01
-2.088393597638e-06
 3.943103917042e-02
 2.653675899379e-03
-6.040221463037e-02
-1.706817820580e-06
 1.169675609077e-01
-2.049149053241e-06
-3.942903911384e-02
-1.430869150372e-02
-5.598089472143e-08
-1.894256693625e-07

# reaction_direction_hessian_mw
 3.667078024106e-01
-4.747413294967e-08
 9.813199631132e-06
-4.881659254030e-03
-2.624025156675e-02
 1.212311596712e-05
-2.398966574019e-01
 2.613904824549e-06
 3.383941152564e-01
-2.398875368082e-01
 2.405946062243e-06
-3.384493004159e-01
-4.881016599971e-03
 2.624075832594e-02
 1.188379245362e-05
-6.731472753931e-01
 7.331018243434e-07
 1.886981228470e-05
 1.464809368161e-01
-1.941529738976e-07
-4.898850103083e-06
 2.869060692482e-03
 6.530459307436e-02
-1.915188552310e-06
 1.264647410655e-01
-2.257904931636e-06
 4.263158913295e-02
 2.869070230318e-03
-6.530495901245e-02
-1.845357301827e-06
 1.264616176345e-01
-2.215474974737e-06
-4.262942673521e-02
-3.457252190880e-02
-1.352604959529e-07
-4.576884687480e-07

# n_cart = g_HS - g_LS normalized
 6.383665847718e-01
-9.769148516211e-08
 1.715005461196e-05
-3.987312013218e-03
-2.136057329602e-02
 9.885182076138e-06
-1.952985136582e-01
 2.121040105553e-06
 2.754657880899e-01
-1.952911085363e-01
 1.958813962689e-06
-2.755106829557e-01
-3.986787147693e-03
 2.136097936747e-02
 9.684922199647e-06
-5.479811247526e-01
 5.925901077965e-07
 1.538285091860e-05
 1.376024711120e-01
-1.886657222079e-07
-4.567130607969e-06
 2.677590628251e-03
 6.135435262627e-02
-1.775791955794e-06
 1.187970614597e-01
-2.132005476337e-06
 4.005284559588e-02
 2.677603249930e-03
-6.135470488306e-02
-1.721762583388e-06
 1.187940904577e-01
-2.078850266357e-06
-4.005078183642e-02
-7.267846161876e-02
-2.984267833233e-07
-9.302928555626e-07

# n_cart_NAST = g_LS - g_HS normalized
-6.383665847718e-01
 9.769148516211e-08
-1.715005461196e-05
 3.987312013218e-03
 2.136057329602e-02
-9.885182076138e-06
 1.952985136582e-01
-2.121040105553e-06
-2.754657880899e-01
 1.952911085363e-01
-1.958813962689e-06
 2.755106829557e-01
 3.986787147693e-03
-2.136097936747e-02
-9.684922199647e-06
 5.479811247526e-01
-5.925901077965e-07
-1.538285091860e-05
-1.376024711120e-01
 1.886657222079e-07
 4.567130607969e-06
-2.677590628251e-03
-6.135435262627e-02
 1.775791955794e-06
-1.187970614597e-01
 2.132005476337e-06
-4.005284559588e-02
-2.677603249930e-03
 6.135470488306e-02
 1.721762583388e-06
-1.187940904577e-01
 2.078850266357e-06
 4.005078183642e-02
 7.267846161876e-02
 2.984267833233e-07
 9.302928555626e-07
