Step 6 effective-Hessian projected MECP frequencies

[REAL_CM-1]
30.816161158263
52.234825827488
56.275154615320
60.888173828288
63.975511712274
68.289358389811
90.381844079171
91.930912798605
92.312277325700
118.862745937604
164.152931841109
165.212326052217
194.154006447242
210.451311319683
317.405130645916
348.914756444226
381.088831044937
383.543932196656
406.592883706430
425.493966429466
522.077941801982
567.795167164414
571.251820536079
1668.296572876338
2076.388132677712
2141.535598369963
2190.591352206558
2193.520020843731

[IMAG_CM-1]
-93.474058470720

[ZERO_CM-1]
0.000000000000
0.000000000000
0.000000000000
0.000000000000
0.000000000000
0.000000000000
0.000000000000
