Step 6 reaction-coordinate vectors

# reaction_direction_hessian_cart
 1.830892160189e-01
-1.171806472229e-07
 5.429921652119e-06
-5.226556385171e-03
-2.796099560994e-02
 1.444575176983e-05
-2.562410185007e-01
 2.938067687608e-06
 3.611578139772e-01
-2.562304441425e-01
 2.719174690710e-06
-3.612237564976e-01
-5.226129787642e-03
 2.796167283574e-02
 1.418832428027e-05
-7.185259541034e-01
 4.679871635302e-07
 2.267774467324e-05
 1.354729984954e-01
-1.171744637182e-07
-5.070726316093e-06
 2.652815657210e-03
 6.036640247939e-02
-1.965376025436e-06
 1.170079740456e-01
-1.960084522606e-06
 3.942334118460e-02
 2.652824449263e-03
-6.036680726081e-02
-1.901303207893e-06
 1.170049967607e-01
-1.925645528362e-06
-3.942098816413e-02
-1.431464229985e-02
-5.942191084630e-08
-2.157134032599e-07

# reaction_direction_hessian_mw
 3.668026833050e-01
-2.347608275823e-07
 1.087835687672e-05
-4.895965694245e-03
-2.619240379222e-02
 1.353202756854e-05
-2.400332348078e-01
 2.752228723048e-06
 3.383138221674e-01
-2.400233293000e-01
 2.547181168876e-06
-3.383755936847e-01
-4.895566079908e-03
 2.619303818207e-02
 1.329088290946e-05
-6.730776753306e-01
 4.383859905333e-07
 2.124332959615e-05
 1.464644770028e-01
-1.266813072507e-07
-5.482135083444e-06
 2.868049442571e-03
 6.526417563560e-02
-2.124835021565e-06
 1.265013095899e-01
-2.119114197466e-06
 4.262191811235e-02
 2.868058947960e-03
-6.526461325859e-02
-2.055563714251e-06
 1.264980907457e-01
-2.081881026749e-06
-4.261937418171e-02
-3.458580615801e-02
-1.435701044440e-07
-5.211881508843e-07

# gradient_gap_unit_vector = normalized(g_HS - g_LS)
 6.384779503695e-01
-4.225864745110e-07
 1.897844412404e-05
-3.998623721087e-03
-2.131982638901e-02
 1.102544088166e-05
-1.953932354943e-01
 2.234700813908e-06
 2.753772139366e-01
-1.953851785079e-01
 2.072869298108e-06
-2.754274763063e-01
-3.998296439653e-03
 2.132033682907e-02
 1.082524816714e-05
-5.478782977655e-01
 3.527482410230e-07
 1.730274049010e-05
 1.375754093724e-01
-1.252488538669e-07
-5.133240485188e-06
 2.676411281248e-03
 6.131121336850e-02
-1.980400717172e-06
 1.188213881042e-01
-1.999182678977e-06
 4.004038016382e-02
 2.676424482284e-03
-6.131163222924e-02
-1.923640861986e-06
 1.188183533071e-01
-1.954657930338e-06
-4.003796816129e-02
-7.270024362352e-02
-3.129611464233e-07
-1.053721720022e-06

# reverse_gradient_gap_unit_vector = normalized(g_LS - g_HS)
-6.384779503695e-01
 4.225864745110e-07
-1.897844412404e-05
 3.998623721087e-03
 2.131982638901e-02
-1.102544088166e-05
 1.953932354943e-01
-2.234700813908e-06
-2.753772139366e-01
 1.953851785079e-01
-2.072869298108e-06
 2.754274763063e-01
 3.998296439653e-03
-2.132033682907e-02
-1.082524816714e-05
 5.478782977655e-01
-3.527482410230e-07
-1.730274049010e-05
-1.375754093724e-01
 1.252488538669e-07
 5.133240485188e-06
-2.676411281248e-03
-6.131121336850e-02
 1.980400717172e-06
-1.188213881042e-01
 1.999182678977e-06
-4.004038016382e-02
-2.676424482284e-03
 6.131163222924e-02
 1.923640861986e-06
-1.188183533071e-01
 1.954657930338e-06
 4.003796816129e-02
 7.270024362352e-02
 3.129611464233e-07
 1.053721720022e-06
