Step 6 effective-Hessian projected MECP frequencies

[REAL_CM-1]
29.644536501636
36.658016239912
56.388996315160
60.347469312230
65.108494243430
68.272294115695
90.848388624368
91.986596419900
93.131210783248
120.029589888852
166.993772909510
170.428485875122
199.521411718272
210.618440516560
317.787928733885
348.617079115108
381.857742961138
383.698198662980
395.772653858526
426.874496196206
520.708849390380
567.799387020333
571.423345415440
1668.703358212599
2076.786514228829
2141.704112310300
2190.924471237007
2193.782466055812

[IMAG_CM-1]
-83.696060569271

[ZERO_CM-1]
0.000000000000
0.000000000000
0.000000000000
0.000000000000
0.000000000000
0.000000000000
0.000000000000
