Fe    -2.278620000000     1.145410000000     0.642700000000
Ni     0.053830000000    -0.208590000000    -0.500900000000
S     -1.910240000000    -1.037790000000     0.157060000000
S     -1.392810000000     1.231170000000    -1.446410000000
C     -1.842900000000    -2.123110000000     1.625800000000
H     -0.999540000000    -2.813960000000     1.480850000000
C     -0.720450000000     2.867800000000    -1.903570000000
H     -1.025400000000     3.083710000000    -2.938320000000
H      0.378140000000     2.803230000000    -1.838120000000
H     -1.102660000000     3.629910000000    -1.212570000000
C     -3.940280000000     1.295440000000     0.399200000000
O     -5.098760000000     1.384520000000     0.207950000000
C     -2.495630000000     0.846060000000     2.497550000000
N     -2.621190000000     0.629330000000     3.649980000000
C     -2.082590000000     3.002870000000     0.951020000000
N     -1.965450000000     4.166140000000     1.106170000000
S      1.214250000000    -1.908740000000     0.373040000000
S      1.844990000000     0.784400000000    -1.385850000000
C      2.258750000000    -2.578200000000    -0.971380000000
H      2.883930000000    -1.791670000000    -1.419280000000
H      1.646300000000    -3.024550000000    -1.770390000000
H      2.899720000000    -3.366820000000    -0.541900000000
C      3.194150000000     0.780490000000    -0.151180000000
H      2.999660000000     1.514120000000     0.645320000000
H      4.132610000000     1.053070000000    -0.662290000000
H      3.292160000000    -0.213330000000     0.310190000000
H     -1.720820000000    -1.531650000000     2.540620000000
H     -2.791910000000    -2.677220000000     1.671420000000
