Fe     0.496956103818     0.079343563931    -0.052063563875
S      1.348529843597    -1.941482091142     0.296189973242
S      1.509839915322     1.050724194515     1.674120026753
S     -1.709558510096     0.171056141196    -0.269164548841
S      1.068935929592     1.049917416106    -1.962043282183
C     -2.244022983628     1.384279995405    -1.530741800594
H     -1.758981581990     1.176855467084    -2.494858544650
H     -3.335538469721     1.312591821952    -1.652849937112
H     -1.980003480767     2.406081456314    -1.224951610403
C      0.883776743006    -2.823894522348    -1.241957785767
H      1.313649627671    -3.837480218931    -1.214882565386
H     -0.209301947174    -2.896180602618    -1.325081782817
H      1.265341515462    -2.289169874625    -2.122506981132
C      0.623169155510     2.650585313566     1.773388601584
H     -0.455652342457     2.484531709318     1.898540544388
H      1.007753927723     3.217215720987     2.636081523267
H      0.785343207611     3.236571263773     0.857611769857
C      2.894658978934     1.159537933307    -1.865507201623
H      3.339578608425     0.155040952450    -1.853761962587
H      3.265623168633     1.710534173254    -2.743819807107
H      3.192267630532     1.680955426501    -0.945890975018
