Step 6 reaction-coordinate vectors

# reaction_direction_hessian_cart
-5.520646911675e-03
 4.790493692776e-02
-4.940079417115e-02
-6.950714200623e-02
 1.633650309864e-01
 9.483454822138e-03
-2.014826564542e-02
-1.480631227256e-01
-1.281151660451e-01
 2.033459155165e-01
-1.777100044272e-02
 2.481963422227e-02
-1.260954009106e-01
-6.145117778796e-02
 2.127335562472e-01
 5.131337509243e-02
-7.875602264668e-03
-5.255617702947e-02
-1.617162666094e-01
 2.369023310866e-02
-1.848487427907e-01
-9.873659187298e-02
-1.406793811368e-01
-1.223755513531e-01
 1.199724969913e-01
-4.269422966224e-02
 3.954822710788e-02
-4.143585267469e-02
-4.858095318621e-02
 3.461628948104e-02
-7.516197021911e-02
-3.178032714719e-01
-1.927081623005e-01
 4.076711023560e-03
-1.787936571202e-01
-2.555269803421e-02
-2.399888850222e-03
 1.103289691268e-01
 1.509796531018e-03
 6.163043528875e-02
 3.024499064723e-02
-4.366381379301e-02
-4.971447086038e-02
-1.378990820634e-01
-3.950685151109e-02
 5.678607598235e-02
 2.342432385728e-01
-4.416784074793e-02
-8.423496910641e-03
 2.218686978233e-01
 1.595919237461e-01
 1.820646712219e-02
-2.804900819520e-02
 6.325091782884e-02
 4.568102037303e-02
-1.483085040921e-02
 1.908646763170e-02
-2.019523631143e-01
 1.183553026149e-01
-2.445989114826e-01
 2.979062730505e-03
 1.497660095784e-01
-4.310768545990e-01

# reaction_direction_hessian_mw
-1.555945058228e-02
 1.350157890370e-01
-1.392317291667e-01
-1.484305610466e-01
 3.488614623593e-01
 2.025165298530e-02
-4.302605872644e-02
-3.161846645127e-01
-2.735863599880e-01
 4.342395249678e-01
-3.794947526165e-02
 5.300163589310e-02
-2.692732079372e-01
-1.312272743890e-01
 4.542865696361e-01
 6.707061720513e-02
-1.029403160096e-02
-6.869505708714e-02
-6.123449085006e-02
 8.970398543964e-03
-6.999369257271e-02
-3.738699302413e-02
-5.326879266773e-02
-4.633797661001e-02
 4.542805076634e-02
-1.616633546159e-02
 1.497508940658e-02
-5.415991850674e-02
-6.349912686007e-02
 4.524621303243e-02
-2.846037120541e-02
-1.203374399316e-01
-7.296969221797e-02
 1.543662422492e-03
-6.770091092582e-02
-9.675628103323e-03
-9.087272104485e-04
 4.177649158085e-02
 5.716903055115e-04
 8.055582635115e-02
 3.953258164015e-02
-5.707203892459e-02
-1.882457698810e-02
-5.221602165253e-02
-1.495942237656e-02
 2.150226766335e-02
 8.869710975780e-02
-1.672432400804e-02
-3.189589738342e-03
 8.401144196332e-02
 6.043010019508e-02
 2.379728452495e-02
-3.666225985438e-02
 8.267392448712e-02
 1.729729533523e-02
-5.615758963045e-03
 7.227164910852e-03
-7.647004466867e-02
 4.481569385062e-02
-9.261832542361e-02
 1.128033643972e-03
 5.670947972927e-02
-1.632289210113e-01

# n_cart = g_HS - g_LS normalized
-2.175253348215e-02
 1.884870380350e-01
-1.944001025740e-01
-1.571438017167e-01
 3.689765818074e-01
 2.136093358981e-02
-4.556363846279e-02
-3.345876284044e-01
-2.893299101091e-01
 4.593442712607e-01
-4.002217393596e-02
 5.593827395551e-02
-2.847178661884e-01
-1.387798830921e-01
 4.806349993043e-01
 4.346557449111e-02
-6.597835956952e-03
-4.451045897707e-02
-1.148065598240e-02
 1.688389903625e-03
-1.312993070604e-02
-7.008984941034e-03
-9.983881264623e-03
-8.696049790947e-03
 8.524178980872e-03
-3.027738294600e-03
 2.807229307000e-03
-3.510422995042e-02
-4.110051373507e-02
 2.924776141314e-02
-5.343033213351e-03
-2.257108861388e-02
-1.369178202209e-02
 2.865190333513e-04
-1.269575341550e-02
-1.820551183370e-03
-1.714506739530e-04
 7.837763502297e-03
 1.045040033323e-04
 5.217741219286e-02
 2.556451567457e-02
-3.690208024457e-02
-3.529225424276e-03
-9.795447649459e-03
-2.803028209512e-03
 4.034819379423e-03
 1.663238709733e-02
-3.130896965627e-03
-5.946682930707e-04
 1.575644474710e-02
 1.133970686275e-02
 1.545340062333e-02
-2.376263152273e-02
 5.359610225177e-02
 3.246722138551e-03
-1.056327180591e-03
 1.360730204571e-03
-1.433748180630e-02
 8.404398632365e-03
-1.736519117753e-02
 2.146720640226e-04
 1.063338360749e-02
-3.061025896162e-02

# n_cart_NAST = g_LS - g_HS normalized
 2.175253348215e-02
-1.884870380350e-01
 1.944001025740e-01
 1.571438017167e-01
-3.689765818074e-01
-2.136093358981e-02
 4.556363846279e-02
 3.345876284044e-01
 2.893299101091e-01
-4.593442712607e-01
 4.002217393596e-02
-5.593827395551e-02
 2.847178661884e-01
 1.387798830921e-01
-4.806349993043e-01
-4.346557449111e-02
 6.597835956952e-03
 4.451045897707e-02
 1.148065598240e-02
-1.688389903625e-03
 1.312993070604e-02
 7.008984941034e-03
 9.983881264623e-03
 8.696049790947e-03
-8.524178980872e-03
 3.027738294600e-03
-2.807229307000e-03
 3.510422995042e-02
 4.110051373507e-02
-2.924776141314e-02
 5.343033213351e-03
 2.257108861388e-02
 1.369178202209e-02
-2.865190333513e-04
 1.269575341550e-02
 1.820551183370e-03
 1.714506739530e-04
-7.837763502297e-03
-1.045040033323e-04
-5.217741219286e-02
-2.556451567457e-02
 3.690208024457e-02
 3.529225424276e-03
 9.795447649459e-03
 2.803028209512e-03
-4.034819379423e-03
-1.663238709733e-02
 3.130896965627e-03
 5.946682930707e-04
-1.575644474710e-02
-1.133970686275e-02
-1.545340062333e-02
 2.376263152273e-02
-5.359610225177e-02
-3.246722138551e-03
 1.056327180591e-03
-1.360730204571e-03
 1.433748180630e-02
-8.404398632365e-03
 1.736519117753e-02
-2.146720640226e-04
-1.063338360749e-02
 3.061025896162e-02
