Step 6 effective-Hessian projected MECP frequencies

[REAL_CM-1]
37.977094267095
44.922941748312
60.891486419362
67.117026908774
71.266591570754
84.898897424142
89.994794226428
97.078727270517
102.313435536145
106.729249357326
116.258716566547
129.567549110449
134.242767334397
155.983970245894
156.229010467204
178.228806337542
180.739712599075
312.004327833693
340.768220734081
343.208052562672
657.990356225671
684.149299622570
685.558668850238
685.962784744218
898.187648500758
910.590047277307
913.825342040039
915.815709781561
916.428075334596
918.878951448026
920.737197293982
921.619696990024
1262.120753810926
1272.627939911989
1276.639800935162
1277.933563648059
1398.453670444918
1407.361568253339
1410.137888439449
1411.468424140706
1421.443147365419
1424.371751462088
1425.253920614505
1433.707254911641
2927.468878650885
2941.521054869806
2948.529062655737
2949.832881140153
2989.650286889032
3018.152442885095
3024.165103152689
3027.998112958663
3029.402520215707
3033.950256233749
3035.773838157545
3039.739593138200

[IMAG_CM-1]

[ZERO_CM-1]
0.000000000000
0.000000000000
0.000000000000
0.000000000000
0.000000000000
0.000000000000
0.000000000000
