Step 6 reaction-coordinate vectors

# reaction_direction_hessian_cart
-5.456848127682e-03
 4.806893060453e-02
-4.923104375262e-02
-6.993944750531e-02
 1.631610338008e-01
 9.424712476370e-03
-1.987417939661e-02
-1.481185298568e-01
-1.283847128179e-01
 2.033747169332e-01
-1.765374270819e-02
 2.508266584053e-02
-1.261231286802e-01
-6.167027071232e-02
 2.123197851380e-01
 5.151750323375e-02
-7.768040832329e-03
-5.263351489624e-02
-1.612077235782e-01
 2.426569085350e-02
-1.850544914270e-01
-9.885234478100e-02
-1.409020690164e-01
-1.225728511763e-01
 1.197625870013e-01
-4.297979214449e-02
 3.952804322080e-02
-4.086973707904e-02
-4.867534027572e-02
 3.452721212680e-02
-7.485561492855e-02
-3.184199495328e-01
-1.933435579690e-01
 3.944196822621e-03
-1.781093784373e-01
-2.469916005232e-02
-2.994960083983e-03
 1.100950802204e-01
 9.757558871736e-04
 6.140742080185e-02
 3.024420203672e-02
-4.323571716834e-02
-5.034686357217e-02
-1.369403413024e-01
-3.962968451222e-02
 5.677847410639e-02
 2.344864091141e-01
-4.480356081178e-02
-8.606885841575e-03
 2.208018089978e-01
 1.600669351563e-01
 1.790278067445e-02
-2.793646803254e-02
 6.363185507348e-02
 4.455229812310e-02
-1.465433205716e-02
 1.839820716481e-02
-2.026756024315e-01
 1.185512264423e-01
-2.454726296129e-01
 4.454317696378e-03
 1.502729301680e-01
-4.303181436384e-01

# reaction_direction_hessian_mw
-1.538217775726e-02
 1.355003507262e-01
-1.387762034895e-01
-1.493783876592e-01
 3.484833384782e-01
 2.012953210367e-02
-4.244775988671e-02
-3.163551895485e-01
-2.742072190285e-01
 4.343727093900e-01
-3.770529673829e-02
 5.357217300249e-02
-2.693768721487e-01
-1.317168770144e-01
 4.534778054924e-01
 6.734854253819e-02
-1.015511613715e-02
-6.880749831451e-02
-6.105200380894e-02
 9.189814343457e-03
-7.008316515296e-02
-3.743700113206e-02
-5.336192003298e-02
-4.642034519678e-02
 4.535605215110e-02
-1.627715084284e-02
 1.496991702203e-02
-5.342877766617e-02
-6.363299887119e-02
 4.513723043012e-02
-2.834904672246e-02
-1.205908472635e-01
-7.322237034032e-02
 1.493731901258e-03
-6.745293717573e-02
-9.353976224723e-03
-1.134240409805e-03
 4.169480908092e-02
 3.695347271090e-04
 8.027757621072e-02
 3.953807540248e-02
-5.652181014419e-02
-1.906718138778e-02
-5.186154889617e-02
-1.500841024291e-02
 2.150293757934e-02
 8.880384155687e-02
-1.696784189133e-02
-3.259568558625e-03
 8.362125948276e-02
 6.061996855945e-02
 2.340420459303e-02
-3.652118770429e-02
 8.318556663655e-02
 1.687268459808e-02
-5.549835434139e-03
 6.967702222771e-03
-7.675656833917e-02
 4.489729007803e-02
-9.296450309869e-02
 1.686923026573e-03
 5.691081854741e-02
-1.629685250889e-01

# gradient_gap_unit_vector = normalized(g_HS - g_LS)
-2.150525249321e-02
 1.891643979891e-01
-1.937648542340e-01
-1.581473471554e-01
 3.685779964491e-01
 2.123276749245e-02
-4.495259740166e-02
-3.347687294409e-01
-2.899879380576e-01
 4.594869998503e-01
-3.976382650229e-02
 5.654141350354e-02
-2.848280278190e-01
-1.392988824974e-01
 4.797812993955e-01
 4.364582311619e-02
-6.507921460459e-03
-4.458388519214e-02
-1.144644860900e-02
 1.729541519012e-03
-1.314679483222e-02
-7.018376100503e-03
-1.000138700269e-02
-8.711579135085e-03
 8.510707922607e-03
-3.048530317879e-03
 2.806221739766e-03
-3.463095558985e-02
-4.118748718379e-02
 2.917768279307e-02
-5.322172784221e-03
-2.261872045646e-02
-1.373918139187e-02
 2.771518027030e-04
-1.264929916943e-02
-1.760207918778e-03
-2.137377876829e-04
 7.822454498742e-03
 6.661589853177e-05
 5.199739280816e-02
 2.556830828792e-02
-3.654616736310e-02
-3.574745839763e-03
-9.728979687668e-03
-2.812253113624e-03
 4.034950385806e-03
 1.665248391698e-02
-3.176602081873e-03
-6.077920512410e-04
 1.568331887675e-02
 1.137534646190e-02
 1.519908375845e-02
-2.367163151012e-02
 5.392772668130e-02
 3.167096396755e-03
-1.043986985514e-03
 1.312090833310e-03
-1.439125985245e-02
 8.419704918265e-03
-1.743017786520e-02
 3.195074137219e-04
 1.067117578800e-02
-3.056152367251e-02

# reverse_gradient_gap_unit_vector = normalized(g_LS - g_HS)
 2.150525249321e-02
-1.891643979891e-01
 1.937648542340e-01
 1.581473471554e-01
-3.685779964491e-01
-2.123276749245e-02
 4.495259740166e-02
 3.347687294409e-01
 2.899879380576e-01
-4.594869998503e-01
 3.976382650229e-02
-5.654141350354e-02
 2.848280278190e-01
 1.392988824974e-01
-4.797812993955e-01
-4.364582311619e-02
 6.507921460459e-03
 4.458388519214e-02
 1.144644860900e-02
-1.729541519012e-03
 1.314679483222e-02
 7.018376100503e-03
 1.000138700269e-02
 8.711579135085e-03
-8.510707922607e-03
 3.048530317879e-03
-2.806221739766e-03
 3.463095558985e-02
 4.118748718379e-02
-2.917768279307e-02
 5.322172784221e-03
 2.261872045646e-02
 1.373918139187e-02
-2.771518027030e-04
 1.264929916943e-02
 1.760207918778e-03
 2.137377876829e-04
-7.822454498742e-03
-6.661589853177e-05
-5.199739280816e-02
-2.556830828792e-02
 3.654616736310e-02
 3.574745839763e-03
 9.728979687668e-03
 2.812253113624e-03
-4.034950385806e-03
-1.665248391698e-02
 3.176602081873e-03
 6.077920512410e-04
-1.568331887675e-02
-1.137534646190e-02
-1.519908375845e-02
 2.367163151012e-02
-5.392772668130e-02
-3.167096396755e-03
 1.043986985514e-03
-1.312090833310e-03
 1.439125985245e-02
-8.419704918265e-03
 1.743017786520e-02
-3.195074137219e-04
-1.067117578800e-02
 3.056152367251e-02
