Step 6 effective-Hessian projected MECP frequencies

[REAL_CM-1]
42.236778208214
48.213667226366
62.128305820363
69.257367280657
71.926580858774
84.448761005681
92.105733371161
102.182388242580
108.786769694696
113.864938536459
122.488383392205
133.886566411658
142.969063478972
156.046395716215
157.429370133541
179.060977823601
181.396915888300
311.643873857025
340.091578694290
342.947761780333
658.054993718876
684.271472468293
685.595921513598
686.106379766171
899.657733864067
912.027379027653
915.266897733592
917.279508977098
917.491703124033
920.528594696996
922.368511805941
923.112109636837
1262.281810528153
1272.971984347106
1276.907795176833
1278.350157166391
1399.011410766747
1407.858840887633
1410.567443936164
1412.019585437786
1422.158245915616
1424.787399254063
1425.966911473290
1434.375676579362
2927.749797511334
2943.138934358392
2948.844079913100
2950.043961126051
2990.363049842262
3019.280408469866
3024.952119062621
3028.820287169444
3029.839482517307
3034.578332161228
3036.387842798832
3040.435653400927

[IMAG_CM-1]

[ZERO_CM-1]
0.000000000000
0.000000000000
0.000000000000
0.000000000000
0.000000000000
0.000000000000
0.000000000000
