Fe     0.514769677328     0.044044343230    -0.285990755888
S      1.185306675781    -2.025282113691     0.088860781146
S      1.389275403612     0.770764580064     1.611847745398
S     -1.494354396005    -0.443739272459    -1.044998468446
S      1.025900960006     1.604685784762    -1.764416782061
C     -2.192887044597     0.978642691339    -1.961501317919
H     -1.523111207528     1.276941413302    -2.781033195885
H     -3.164726204236     0.677713639434    -2.381848031868
H     -2.339967297586     1.844297706685    -1.301138493775
C      0.307499751973    -3.232346832395    -0.970366025760
H      0.713537134538    -4.234784087201    -0.764513680374
H     -0.770132028985    -3.227365393423    -0.755253283487
H      0.445887189547    -2.994049564852    -2.033376424857
C      1.275341945916     2.601567954316     1.679727199193
H      0.500214526159     2.892657880642     2.404382601848
H      2.234427116348     3.031404279173     2.007946563624
H      1.005343913262     3.004664033632     0.694081443553
C      2.776834335493     2.067987129894    -1.486834130795
H      3.427365260830     1.188017027390    -1.578002503920
H      3.065529453951     2.805886107880    -2.251505225626
H      2.920309874192     2.505907932274    -0.490217924100
