Step 6 effective-Hessian projected MECP frequencies

[REAL_CM-1]
33.187407288536
45.266915730503
48.381084089247
62.209968604415
83.951217231920
86.893517570204
90.023959765935
92.664746800820
98.141415933067
100.194523958217
104.476685635624
112.599441971615
165.065908174780
166.637434379270
171.748918720190
192.044611075857
338.909407163351
347.902224673388
387.966672755685
659.243004501190
679.982482148511
681.150436875179
681.405716923968
873.124629778936
904.551228271097
910.866973725663
913.228957499792
913.891263851303
914.689939364735
916.290988734417
919.585103105114
1267.648389316646
1268.092487180139
1270.776733966047
1273.011068651313
1405.240618789144
1407.158746303393
1408.148252520757
1409.234206218322
1416.084801703229
1424.194344610559
1425.498982805376
1427.738696697456
2926.835176827669
2944.740339199145
2946.411192940348
2946.915398326274
2996.148063565168
3022.400427693556
3026.099984862011
3026.679392369923
3034.221181950772
3034.999602139495
3038.629847940228
3039.808606849124

[IMAG_CM-1]
-16.431742167097

[ZERO_CM-1]
0.000000000000
0.000000000000
0.000000000000
0.000000000000
0.000000000000
0.000000000000
0.000000000000
