Step 6 reaction-coordinate vectors

# reaction_direction_hessian_cart
 6.542935698885e-03
-7.388673132083e-03
-1.930888671491e-02
-2.266219084071e-02
 1.950542299736e-01
 3.230223786839e-02
-5.091362261361e-02
-1.516549190562e-01
-1.117088062071e-01
 2.473506357152e-01
 4.811745034863e-02
-2.980935019518e-02
-1.253913980407e-01
-5.766397551249e-02
 1.811014198926e-01
-9.444562776908e-02
-4.694136347446e-02
-3.613221220310e-02
-2.787313697057e-02
-1.111110408920e-02
-8.361072896392e-02
-2.796961000850e-01
 1.965938784600e-01
-3.371838589968e-01
 1.327982126142e-01
-6.729156537827e-02
 2.108767816020e-01
-5.127679283528e-02
 5.935225213478e-02
-2.180932599183e-02
 1.690917919536e-01
-6.717383952697e-02
 2.389937087806e-01
 2.805149800183e-03
-3.562376832751e-02
-4.016707191613e-02
 1.263085836913e-03
-7.209698294179e-02
 6.770536822695e-02
-3.864604673906e-02
-1.682826109445e-02
-1.015833300514e-01
 2.546459112845e-02
 4.998539937892e-03
-9.368842101891e-03
 3.174576071623e-01
-2.019373790717e-01
 1.808276414906e-01
-1.686449708228e-02
 1.355835745632e-01
 7.582878324223e-02
 1.601352539940e-02
-4.967908355611e-02
 6.911372785238e-02
 5.210731625042e-02
 3.828298161299e-02
-3.487161025195e-02
-2.471604017132e-01
 8.844183428034e-02
-2.158226977802e-01
-2.468292139100e-02
-3.143137517252e-02
-1.925092468372e-01

# reaction_direction_hessian_mw
 1.787750198962e-02
-2.018834124291e-02
-5.275837583457e-02
-4.691650870800e-02
 4.038119501956e-01
 6.687386205916e-02
-1.054041701218e-01
-3.139643197131e-01
-2.312656890067e-01
 5.120788336853e-01
 9.961538114988e-02
-6.171294946029e-02
-2.595921400289e-01
-1.193791204163e-01
 3.749260785573e-01
-1.196777667098e-01
-5.948224051908e-02
-4.578531124092e-02
-1.023194389627e-02
-4.078772826552e-03
-3.069264463446e-02
-1.026735816316e-01
 7.216760484754e-02
-1.237767507700e-01
 4.874886750020e-02
-2.470204635990e-02
 7.741071271082e-02
-6.497592525480e-02
 7.520882811064e-02
-2.763591592117e-02
 6.207186978689e-02
-2.465883040229e-02
 8.773214950249e-02
 1.029741840914e-03
-1.307712150540e-02
-1.474492184921e-02
 4.636659100524e-04
-2.646606606676e-02
 2.485394915923e-02
-4.897074300995e-02
-2.132410735113e-02
-1.287223809367e-01
 9.347791317604e-03
 1.834912958014e-03
-3.439206245813e-03
 1.165354451980e-01
-7.412914934563e-02
 6.637998028642e-02
-6.190784631343e-03
 4.977134542306e-02
 2.783597184186e-02
 2.029170647937e-02
-6.295137120292e-02
 8.757818433464e-02
 1.912806359121e-02
 1.405329154231e-02
-1.280101195812e-02
-9.073005906654e-02
 3.246609405305e-02
-7.922630802415e-02
-9.060848340662e-03
-1.153813679772e-02
-7.066817829768e-02

# n_cart = g_HS - g_LS normalized
 2.538518443011e-02
-2.866419631698e-02
-7.492070675912e-02
-5.053003167187e-02
 4.345007848842e-01
 7.198472716984e-02
-1.133863155373e-01
-3.378279770891e-01
-2.488661090259e-01
 5.510085225232e-01
 1.072401653472e-01
-6.639014998826e-02
-2.793190132839e-01
-1.284928440061e-01
 4.034142581326e-01
-7.881417268789e-02
-3.915881234336e-02
-3.015481978981e-02
-1.951960157115e-03
-7.775940476012e-04
-5.856056563770e-03
-1.958926035420e-02
 1.377150631875e-02
-2.361595643243e-02
 9.302529964216e-03
-4.711697000473e-03
 1.476918435839e-02
-4.282271281236e-02
 4.952489935293e-02
-1.818538614875e-02
 1.183996606479e-02
-4.705847791209e-03
 1.674073641916e-02
 1.939916722128e-04
-2.495036451790e-03
-2.811694878399e-03
 8.627331937134e-05
-5.051048444564e-03
 4.743071609633e-03
-3.222693944724e-02
-1.403400537995e-02
-8.479190823473e-02
 1.785598891962e-03
 3.518066616238e-04
-6.570501546716e-04
 2.223733176041e-02
-1.414261336380e-02
 1.266359792106e-02
-1.178765402779e-03
 9.496534072759e-03
 5.309561078634e-03
 1.336880641197e-02
-4.149011246243e-02
 5.766941699779e-02
 3.649213663811e-03
 2.678525626945e-03
-2.442910726348e-03
-1.731039768568e-02
 6.191269210692e-03
-1.511734817566e-02
-1.727849628293e-03
-2.203706811041e-03
-1.348445689258e-02

# n_cart_NAST = g_LS - g_HS normalized
-2.538518443011e-02
 2.866419631698e-02
 7.492070675912e-02
 5.053003167187e-02
-4.345007848842e-01
-7.198472716984e-02
 1.133863155373e-01
 3.378279770891e-01
 2.488661090259e-01
-5.510085225232e-01
-1.072401653472e-01
 6.639014998826e-02
 2.793190132839e-01
 1.284928440061e-01
-4.034142581326e-01
 7.881417268789e-02
 3.915881234336e-02
 3.015481978981e-02
 1.951960157115e-03
 7.775940476012e-04
 5.856056563770e-03
 1.958926035420e-02
-1.377150631875e-02
 2.361595643243e-02
-9.302529964216e-03
 4.711697000473e-03
-1.476918435839e-02
 4.282271281236e-02
-4.952489935293e-02
 1.818538614875e-02
-1.183996606479e-02
 4.705847791209e-03
-1.674073641916e-02
-1.939916722128e-04
 2.495036451790e-03
 2.811694878399e-03
-8.627331937134e-05
 5.051048444564e-03
-4.743071609633e-03
 3.222693944724e-02
 1.403400537995e-02
 8.479190823473e-02
-1.785598891962e-03
-3.518066616238e-04
 6.570501546716e-04
-2.223733176041e-02
 1.414261336380e-02
-1.266359792106e-02
 1.178765402779e-03
-9.496534072759e-03
-5.309561078634e-03
-1.336880641197e-02
 4.149011246243e-02
-5.766941699779e-02
-3.649213663811e-03
-2.678525626945e-03
 2.442910726348e-03
 1.731039768568e-02
-6.191269210692e-03
 1.511734817566e-02
 1.727849628293e-03
 2.203706811041e-03
 1.348445689258e-02
