Step 6 reaction-coordinate vectors

# reaction_direction_hessian_cart
 6.502461499307e-03
-7.092022251896e-03
-1.953680902728e-02
-2.338258166242e-02
 1.955403511594e-01
 3.286687537947e-02
-5.051474998395e-02
-1.517463587029e-01
-1.121176131220e-01
 2.479941048644e-01
 4.819854698903e-02
-3.006057045919e-02
-1.258987124116e-01
-5.870868337553e-02
 1.813490824677e-01
-9.443266525342e-02
-4.687924698273e-02
-3.559185871611e-02
-2.593403440016e-02
-1.097375845461e-02
-8.473002548709e-02
-2.801087535434e-01
 1.949214544446e-01
-3.376103341394e-01
 1.331529263655e-01
-6.683361135690e-02
 2.096542970609e-01
-5.096886157416e-02
 5.946250276475e-02
-2.175886153306e-02
 1.706047961734e-01
-6.850437593313e-02
 2.378519488920e-01
 5.401858541650e-03
-3.584297198008e-02
-3.872379051512e-02
 9.625517529006e-04
-7.066504789843e-02
 6.550762502840e-02
-3.871635140150e-02
-1.699773485452e-02
-1.013693610571e-01
 2.379527191972e-02
 4.849709428913e-03
-1.103971975497e-02
 3.161337987093e-01
-2.013949460934e-01
 1.813441549737e-01
-1.551663089987e-02
 1.349719098402e-01
 7.700405399842e-02
 1.610212332299e-02
-4.954215818057e-02
 6.951948939943e-02
 5.107050273135e-02
 3.893003719069e-02
-3.482594500848e-02
-2.477093568458e-01
 8.858290574166e-02
-2.165360430227e-01
-2.304594608789e-02
-3.081240899651e-02
-1.938383186961e-01

# reaction_direction_hessian_mw
 1.772989736340e-02
-1.933741962770e-02
-5.326992230542e-02
-4.830704847446e-02
 4.039749484700e-01
 6.790104553390e-02
-1.043605240593e-01
-3.134991170572e-01
-2.316284424928e-01
 5.123413410043e-01
 9.957538390808e-02
-6.210338342048e-02
-2.600993889872e-01
-1.212887120267e-01
 3.746566159392e-01
-1.194120393079e-01
-5.927976795322e-02
-4.500663431074e-02
-9.500284981320e-03
-4.019961993817e-03
-3.103872603011e-02
-1.026108373022e-01
 7.140460051931e-02
-1.236751034364e-01
 4.877724487638e-02
-2.448282224140e-02
 7.680160899395e-02
-6.445116936432e-02
 7.519155260984e-02
-2.751452605630e-02
 6.249680083781e-02
-2.509486506381e-02
 8.713111361580e-02
 1.978835794794e-03
-1.313017647521e-02
-1.418549230614e-02
 3.526067645599e-04
-2.588637320731e-02
 2.399708030832e-02
-4.895761930480e-02
-2.149398385766e-02
-1.281836332235e-01
 8.716802829721e-03
 1.776569774697e-03
-4.044125266740e-03
 1.158077117360e-01
-7.377600230504e-02
 6.643089637978e-02
-5.684129712491e-03
 4.944358398582e-02
 2.820850957526e-02
 2.036146473284e-02
-6.264707370252e-02
 8.790881818862e-02
 1.870840157767e-02
 1.426104561821e-02
-1.275761407652e-02
-9.074212851973e-02
 3.245013236406e-02
-7.932256453821e-02
-8.442306049297e-03
-1.128735552329e-02
-7.100782082335e-02

# gradient_gap_unit_vector = normalized(g_HS - g_LS)
 2.516421116533e-02
-2.744366814743e-02
-7.561362896097e-02
-5.200490920878e-02
 4.344813869190e-01
 7.305581995618e-02
-1.122123326686e-01
-3.371792773724e-01
-2.491449241046e-01
 5.510452294107e-01
 1.071513065783e-01
-6.678015870319e-02
-2.797395127382e-01
-1.304886339783e-01
 4.029451246210e-01
-7.860389706727e-02
-3.900685965194e-02
-2.962826557622e-02
-1.811549889009e-03
-7.659197751074e-04
-5.919410853406e-03
-1.956854764825e-02
 1.361999176166e-02
-2.358600374494e-02
 9.303844266990e-03
-4.667705487058e-03
 1.464650265426e-02
-4.245920388286e-02
 4.949165480065e-02
-1.809817355756e-02
 1.191561533729e-02
-4.786902709212e-03
 1.661856177295e-02
 3.748224275073e-04
-2.503993726112e-03
-2.703817384689e-03
 6.497803364921e-05
-4.938217718828e-03
 4.577486325782e-03
-3.220304498271e-02
-1.414018085425e-02
-8.439883930164e-02
 1.664539358328e-03
 3.404997681842e-04
-7.720701913343e-04
 2.208873068132e-02
-1.406904279542e-02
 1.266772799257e-02
-1.081529909964e-03
 9.429759134093e-03
 5.378307282795e-03
 1.340903842895e-02
-4.127160965879e-02
 5.786147890368e-02
 3.567548114161e-03
 2.716914826340e-03
-2.433561725407e-03
-1.730495245115e-02
 6.185450099173e-03
-1.512895158535e-02
-1.609076810870e-03
-2.154952029204e-03
-1.354320378646e-02

# reverse_gradient_gap_unit_vector = normalized(g_LS - g_HS)
-2.516421116533e-02
 2.744366814743e-02
 7.561362896097e-02
 5.200490920878e-02
-4.344813869190e-01
-7.305581995618e-02
 1.122123326686e-01
 3.371792773724e-01
 2.491449241046e-01
-5.510452294107e-01
-1.071513065783e-01
 6.678015870319e-02
 2.797395127382e-01
 1.304886339783e-01
-4.029451246210e-01
 7.860389706727e-02
 3.900685965194e-02
 2.962826557622e-02
 1.811549889009e-03
 7.659197751074e-04
 5.919410853406e-03
 1.956854764825e-02
-1.361999176166e-02
 2.358600374494e-02
-9.303844266990e-03
 4.667705487058e-03
-1.464650265426e-02
 4.245920388286e-02
-4.949165480065e-02
 1.809817355756e-02
-1.191561533729e-02
 4.786902709212e-03
-1.661856177295e-02
-3.748224275073e-04
 2.503993726112e-03
 2.703817384689e-03
-6.497803364921e-05
 4.938217718828e-03
-4.577486325782e-03
 3.220304498271e-02
 1.414018085425e-02
 8.439883930164e-02
-1.664539358328e-03
-3.404997681842e-04
 7.720701913343e-04
-2.208873068132e-02
 1.406904279542e-02
-1.266772799257e-02
 1.081529909964e-03
-9.429759134093e-03
-5.378307282795e-03
-1.340903842895e-02
 4.127160965879e-02
-5.786147890368e-02
-3.567548114161e-03
-2.716914826340e-03
 2.433561725407e-03
 1.730495245115e-02
-6.185450099173e-03
 1.512895158535e-02
 1.609076810870e-03
 2.154952029204e-03
 1.354320378646e-02
