Step 6 effective-Hessian projected MECP frequencies

[REAL_CM-1]
28.923854623402
34.556679743108
49.713827254468
54.873452373769
64.539352374937
85.860716616676
91.987692841893
93.555773537876
94.437161955087
101.921919051949
108.962617624883
114.179311870290
121.286170590357
166.195549632819
168.516667479310
175.183056920649
193.491336870173
338.909967952080
349.752401272813
388.276895554590
659.547483956850
680.084484685957
681.360966763739
682.057650680719
875.062061440774
906.708968793698
912.932269911290
915.046946616314
915.577569233808
916.568729621971
917.004753061045
921.176798451996
1268.046398176961
1268.784626127643
1271.272512727880
1273.467699924776
1405.661286499613
1407.739954168155
1408.801350374880
1409.799224397635
1416.787020913349
1424.942380706553
1426.204146517610
1428.404854039476
2927.229958216840
2945.044796682381
2947.028035231543
2947.785662299053
2996.784798519579
3023.249401840805
3026.997869150222
3027.405911885546
3034.880350177416
3035.716013546411
3039.443841999932
3040.837047055443

[IMAG_CM-1]

[ZERO_CM-1]
0.000000000000
0.000000000000
0.000000000000
0.000000000000
0.000000000000
0.000000000000
0.000000000000
