Step 6 reaction-coordinate vectors

# reaction_direction_hessian_cart
 2.799193588688e-02
 9.809351685569e-03
-3.956702008451e-02
 4.688597377879e-02
 1.435585190268e-01
-3.040211157444e-02
-1.043931257171e-01
-1.096480745713e-01
 3.347206833415e-03
 3.776070422372e-02
 2.592802133373e-02
 5.863090120209e-02
-4.732031536657e-02
-4.383247342838e-02
 1.031824142015e-01
 3.506889098108e-02
-5.301521922010e-02
-9.670030507444e-02
-2.049687047074e-01
 2.551803750976e-01
-3.092963976011e-02
-3.318128846633e-02
 5.434740824839e-02
 6.377140386612e-02
 2.572944530715e-02
-6.247844321740e-02
 2.286650969556e-01
-3.988396958964e-02
 3.230350803400e-02
 4.530157536186e-02
 2.049380029566e-01
-8.052808272834e-02
-7.806073354915e-03
-1.354278767921e-01
 9.958817837127e-02
-2.100394333454e-01
 5.722195621226e-02
 1.852544032919e-02
 7.951594597244e-02
 6.810340740212e-02
 3.831414840452e-03
-9.276476533146e-02
 7.999718178761e-02
-2.114740168814e-01
 5.873742374076e-02
-3.287560869632e-03
-3.057893890891e-02
 1.463799554370e-01
-2.530535510612e-01
 2.783925287742e-01
-1.513847263233e-01
 7.937371849644e-03
-7.464807570189e-02
-6.520562103369e-02
 1.681138982750e-01
 8.554015907286e-02
-5.023883626050e-02
 1.057049007897e-01
-1.619980664054e-01
-9.842525946851e-02
-2.781962503041e-01
-2.064293228113e-01
 3.725458528444e-01

# reaction_direction_hessian_mw
 1.090979628825e-01
 3.823173539760e-02
-1.542116024414e-01
 1.384574275073e-01
 4.239379421868e-01
-8.977947603789e-02
-3.082799070020e-01
-3.237981236754e-01
 9.884526440165e-03
 1.115098940324e-01
 7.656718726072e-02
 1.731409864958e-01
-1.397400673686e-01
-1.294402360247e-01
 3.047045946350e-01
 6.338743444478e-02
-9.582563459741e-02
-1.747869429918e-01
-1.073270967462e-01
 1.336192705365e-01
-1.619558675358e-02
-1.737461024829e-02
 2.845775676489e-02
 3.339241296445e-02
 1.347262583157e-02
-3.271538418178e-02
 1.197351616114e-01
-7.209074587289e-02
 5.838897212193e-02
 8.188313226227e-02
 1.073110204881e-01
-4.216665826183e-02
-4.087468822943e-03
-7.091365901609e-02
 5.214703420254e-02
-1.099822659042e-01
 2.996294697361e-02
 9.700416116278e-03
 4.163667638154e-02
 1.230977128560e-01
 6.925327554868e-03
-1.676734084464e-01
 4.188866432754e-02
-1.107334522191e-01
 3.075648631065e-02
-1.721454814371e-03
-1.601195040656e-02
 7.664846036529e-02
-1.325056085780e-01
 1.457737751322e-01
-7.926909228012e-02
 1.434689332077e-02
-1.349272780692e-01
-1.178599297860e-01
 8.802893422335e-02
 4.479111551005e-02
-2.630639856676e-02
 5.534991368459e-02
-8.482652105648e-02
-5.153809875670e-02
-1.456709984748e-01
-1.080919154572e-01
 1.950749742391e-01

# n_cart = g_HS - g_LS normalized
 1.712259779458e-01
 5.999411584913e-02
-2.420357018985e-01
 1.646351054050e-01
 5.040985361017e-01
-1.068446034726e-01
-3.665443309978e-01
-3.851164213311e-01
 1.175743411315e-02
 1.325903762514e-01
 9.108542087760e-02
 2.059223707146e-01
-1.661931285450e-01
-1.538771253804e-01
 3.623629604262e-01
 4.613135607692e-02
-6.971958211763e-02
-1.271845782786e-01
-2.263156769026e-02
 2.817748492113e-02
-3.412260280398e-03
-3.664167680016e-03
 6.003354734190e-03
 7.044427235415e-03
 2.841029446096e-03
-6.896560209329e-03
 2.525061533338e-02
-5.249127307308e-02
 4.250844891919e-02
 5.955925606314e-02
 2.262522097653e-02
-8.890567554508e-03
-8.664910339020e-04
-1.495423607666e-02
 1.099679448715e-02
-2.319293756711e-02
 6.315707662523e-03
 2.047024351861e-03
 8.776066084154e-03
 8.962295155069e-02
 5.014783505358e-03
-1.220139080104e-01
 8.834750305750e-03
-2.335081330328e-02
 6.488100489197e-03
-3.600876469311e-04
-3.379412879697e-03
 1.616429892319e-02
-2.793777968456e-02
 3.073597235662e-02
-1.671144995638e-02
 1.043828280431e-02
-9.819951995698e-02
-8.578254495473e-02
 1.856082199259e-02
 9.444723655218e-03
-5.547996384069e-03
 1.167006301384e-02
-1.788460856273e-02
-1.086652507451e-02
-3.071507209547e-02
-2.279204843437e-02
 4.113346749959e-02

# n_cart_NAST = g_LS - g_HS normalized
-1.712259779458e-01
-5.999411584913e-02
 2.420357018985e-01
-1.646351054050e-01
-5.040985361017e-01
 1.068446034726e-01
 3.665443309978e-01
 3.851164213311e-01
-1.175743411315e-02
-1.325903762514e-01
-9.108542087760e-02
-2.059223707146e-01
 1.661931285450e-01
 1.538771253804e-01
-3.623629604262e-01
-4.613135607692e-02
 6.971958211763e-02
 1.271845782786e-01
 2.263156769026e-02
-2.817748492113e-02
 3.412260280398e-03
 3.664167680016e-03
-6.003354734190e-03
-7.044427235415e-03
-2.841029446096e-03
 6.896560209329e-03
-2.525061533338e-02
 5.249127307308e-02
-4.250844891919e-02
-5.955925606314e-02
-2.262522097653e-02
 8.890567554508e-03
 8.664910339020e-04
 1.495423607666e-02
-1.099679448715e-02
 2.319293756711e-02
-6.315707662523e-03
-2.047024351861e-03
-8.776066084154e-03
-8.962295155069e-02
-5.014783505358e-03
 1.220139080104e-01
-8.834750305750e-03
 2.335081330328e-02
-6.488100489197e-03
 3.600876469311e-04
 3.379412879697e-03
-1.616429892319e-02
 2.793777968456e-02
-3.073597235662e-02
 1.671144995638e-02
-1.043828280431e-02
 9.819951995698e-02
 8.578254495473e-02
-1.856082199259e-02
-9.444723655218e-03
 5.547996384069e-03
-1.167006301384e-02
 1.788460856273e-02
 1.086652507451e-02
 3.071507209547e-02
 2.279204843437e-02
-4.113346749959e-02
