Step 6 effective-Hessian projected MECP frequencies

[REAL_CM-1]
41.818927405093
46.332044182350
63.179623007798
72.136320499720
76.189442240204
82.174907565494
94.204109477098
105.518432904397
106.347238894399
110.745585007272
119.208474061935
130.851290286882
141.166965860922
179.344827376709
191.777069737197
194.283749987303
225.829029535043
333.269488514179
401.074474618051
421.216961205850
669.977060018718
680.497856681270
684.194288835276
686.295196750236
780.432775929205
903.485450432713
905.100617594084
910.000600169205
915.809866692147
916.791509708255
919.500633471699
920.561200955470
1277.728542002922
1279.936268367700
1283.148806516841
1288.024584538085
1364.472376282015
1401.855609977177
1403.296156917393
1404.328190427969
1409.540244263013
1413.699413109738
1414.125452049869
1422.567706851422
2928.083476243382
2972.526223023704
2974.960868628445
2976.636237743449
3039.041266688764
3058.335567615272
3061.666893460092
3062.665622648084
3065.042158299711
3067.610768764670
3071.302230015312
3074.339717771587

[IMAG_CM-1]

[ZERO_CM-1]
0.000000000000
0.000000000000
0.000000000000
0.000000000000
0.000000000000
0.000000000000
0.000000000000
