Step 6 effective-Hessian projected MECP frequencies

[REAL_CM-1]
45.821969581501
51.012281713854
63.567551434929
75.544700842488
79.065449652346
86.206219991196
101.625013473871
108.591270417447
110.755259714150
112.362701839898
122.640809816307
133.885220398850
140.989794735766
180.112953630004
191.252878166967
196.847284704511
227.943877100245
333.299251613733
400.782512523458
421.171763550456
670.232806350325
680.769645232273
684.463892013020
686.286663718823
781.705011009062
905.644222573907
907.763157546462
912.174560488669
917.548402489140
918.929881612463
922.084681480804
922.523243805128
1278.104918922124
1280.213953469764
1283.410264266936
1288.285524661019
1365.124640940482
1402.522445731420
1403.979654992299
1405.022208810071
1410.167741765043
1414.077593539073
1414.741449662472
1423.216772342812
2928.263100551479
2972.735622054934
2975.170910689727
2976.860465692550
3039.488754190530
3058.677147868569
3062.290442414332
3062.984182999498
3065.434491321465
3068.204680174830
3071.590241376216
3074.744984568425

[IMAG_CM-1]

[ZERO_CM-1]
0.000000000000
0.000000000000
0.000000000000
0.000000000000
0.000000000000
0.000000000000
0.000000000000
