Step 6 reaction-coordinate vectors

# reaction_direction_hessian_cart
 2.799398219369e-02
 9.828033150068e-03
-3.957299151765e-02
 4.689129257519e-02
 1.435568753915e-01
-3.039239430302e-02
-1.043941453009e-01
-1.096599078135e-01
 3.340252780188e-03
 3.776699980334e-02
 2.593445891460e-02
 5.863910654896e-02
-4.730903430844e-02
-4.385026457733e-02
 1.031938916837e-01
 3.506989076560e-02
-5.301758351106e-02
-9.672060376012e-02
-2.049794189373e-01
 2.552205011469e-01
-3.090011581214e-02
-3.319960554551e-02
 5.433543347967e-02
 6.379642577537e-02
 2.572418577136e-02
-6.252096537997e-02
 2.287038805040e-01
-3.990599179377e-02
 3.229489948855e-02
 4.530264938505e-02
 2.048982049463e-01
-8.052213896339e-02
-7.789421040061e-03
-1.354415399339e-01
 9.952705550527e-02
-2.100794654983e-01
 5.721846998867e-02
 1.852915560985e-02
 7.955397229822e-02
 6.809700368033e-02
 3.807872384819e-03
-9.276536859408e-02
 7.993883977892e-02
-2.114398484934e-01
 5.875624475454e-02
-3.293717025440e-03
-3.066238457974e-02
 1.464294196032e-01
-2.530420541986e-01
 2.783594443223e-01
-1.514554356159e-01
 7.909652332972e-03
-7.462329711160e-02
-6.525297429055e-02
 1.680152701203e-01
 8.540519789385e-02
-5.011775811185e-02
 1.058483954115e-01
-1.619304076190e-01
-9.828601444307e-02
-2.782489221564e-01
-2.063430449868e-01
 3.725974060492e-01

# reaction_direction_hessian_mw
 1.091009301801e-01
 3.830278775968e-02
-1.542277963425e-01
 1.384667781295e-01
 4.239136292077e-01
-8.974666057735e-02
-3.082687672175e-01
-3.238182035729e-01
 9.863537881131e-03
 1.115233659639e-01
 7.658268243889e-02
 1.731572688726e-01
-1.397003408810e-01
-1.294868305541e-01
 3.047245004214e-01
 6.338633189851e-02
-9.582550933365e-02
-1.748156084186e-01
-1.073277802589e-01
 1.336341473045e-01
-1.617938453067e-02
-1.738340359800e-02
 2.845018048647e-02
 3.340398173836e-02
 1.346925350906e-02
-3.273614721255e-02
 1.197499727453e-01
-7.212724035799e-02
 5.837073264050e-02
 8.188131491472e-02
 1.072852563927e-01
-4.216161057263e-02
-4.078562004253e-03
-7.091755802271e-02
 5.211263647084e-02
-1.099981784845e-01
 2.995974622980e-02
 9.701916182544e-03
 4.165467587825e-02
 1.230804882007e-01
 6.882458357927e-03
-1.676668023204e-01
 4.185619353603e-02
-1.107104787140e-01
 3.076492927215e-02
-1.724599176708e-03
-1.605490781196e-02
 7.667084164883e-02
-1.324935065680e-01
 1.457497607716e-01
-7.930247727831e-02
 1.429613372139e-02
-1.348762991505e-01
-1.179401074669e-01
 8.797325158348e-02
 4.471839348575e-02
-2.624179421322e-02
 5.542250720768e-02
-8.478720105787e-02
-5.146282400134e-02
-1.456918910655e-01
-1.080417785605e-01
 1.950930133806e-01

# gradient_gap_unit_vector = normalized(g_HS - g_LS)
 1.712272582374e-01
 6.010444272318e-02
-2.420563465301e-01
 1.646429450382e-01
 5.040596779923e-01
-1.068034892284e-01
-3.665238206854e-01
-3.851327335216e-01
 1.173223739250e-02
 1.326037715070e-01
 9.110209102583e-02
 2.059376980710e-01
-1.661426120139e-01
-1.539295049219e-01
 3.623794845405e-01
 4.612964775557e-02
-6.971809833623e-02
-1.272029198988e-01
-2.263126569628e-02
 2.818006759675e-02
-3.408775605786e-03
-3.665949384508e-03
 6.001641095508e-03
 7.046729395521e-03
 2.840263482668e-03
-6.900800895178e-03
 2.525324173528e-02
-5.251682772400e-02
 4.249433765916e-02
 5.955675382637e-02
 2.261933976609e-02
-8.889328029172e-03
-8.645966474843e-04
-1.495476581236e-02
 1.098932585309e-02
-2.319583569841e-02
 6.314905922634e-03
 2.047300197731e-03
 8.779687754489e-03
 8.960867374486e-02
 4.983479865466e-03
-1.220066915192e-01
 8.827731794470e-03
-2.334550855604e-02
 6.489753537220e-03
-3.607407448535e-04
-3.388404514967e-03
 1.616869957951e-02
-2.793467515119e-02
 3.073030280244e-02
-1.671815965869e-02
 1.040113590579e-02
-9.816049454622e-02
-8.583922330573e-02
 1.854871520882e-02
 9.429202299393e-03
-5.534266545107e-03
 1.168513962021e-02
-1.787596665107e-02
-1.085044037716e-02
-3.071887082947e-02
-2.278102910933e-02
 4.113645915325e-02

# reverse_gradient_gap_unit_vector = normalized(g_LS - g_HS)
-1.712272582374e-01
-6.010444272318e-02
 2.420563465301e-01
-1.646429450382e-01
-5.040596779923e-01
 1.068034892284e-01
 3.665238206854e-01
 3.851327335216e-01
-1.173223739250e-02
-1.326037715070e-01
-9.110209102583e-02
-2.059376980710e-01
 1.661426120139e-01
 1.539295049219e-01
-3.623794845405e-01
-4.612964775557e-02
 6.971809833623e-02
 1.272029198988e-01
 2.263126569628e-02
-2.818006759675e-02
 3.408775605786e-03
 3.665949384508e-03
-6.001641095508e-03
-7.046729395521e-03
-2.840263482668e-03
 6.900800895178e-03
-2.525324173528e-02
 5.251682772400e-02
-4.249433765916e-02
-5.955675382637e-02
-2.261933976609e-02
 8.889328029172e-03
 8.645966474843e-04
 1.495476581236e-02
-1.098932585309e-02
 2.319583569841e-02
-6.314905922634e-03
-2.047300197731e-03
-8.779687754489e-03
-8.960867374486e-02
-4.983479865466e-03
 1.220066915192e-01
-8.827731794470e-03
 2.334550855604e-02
-6.489753537220e-03
 3.607407448535e-04
 3.388404514967e-03
-1.616869957951e-02
 2.793467515119e-02
-3.073030280244e-02
 1.671815965869e-02
-1.040113590579e-02
 9.816049454622e-02
 8.583922330573e-02
-1.854871520882e-02
-9.429202299393e-03
 5.534266545107e-03
-1.168513962021e-02
 1.787596665107e-02
 1.085044037716e-02
 3.071887082947e-02
 2.278102910933e-02
-4.113645915325e-02
